# Tue Nov 21 19:32:16 2017
#simulation with:
#SEED 1
#N_AGENTS 203
#N_USERS 200
#N_SOURCES 3
#P_a 0.025
#P_s 0.25
#dim 3
#time 10
#memorySize 1
agent,time,news0
0.0,1.0,ca2ae122e0e308f9
1.0,1.0,994cf9398c486a77
2.0,1.0,c67fb8509031e4e1
3.0,1.0,0.0
4.0,1.0,0.0
5.0,1.0,0.0
6.0,1.0,0.0
7.0,1.0,0.0
8.0,1.0,0.0
9.0,1.0,0.0
10.0,1.0,0.0
11.0,1.0,0.0
12.0,1.0,0.0
13.0,1.0,0.0
14.0,1.0,0.0
15.0,1.0,0.0
16.0,1.0,0.0
17.0,1.0,0.0
18.0,1.0,0.0
19.0,1.0,0.0
20.0,1.0,0.0
21.0,1.0,0.0
22.0,1.0,0.0
23.0,1.0,0.0
24.0,1.0,0.0
25.0,1.0,0.0
26.0,1.0,0.0
27.0,1.0,0.0
28.0,1.0,0.0
29.0,1.0,0.0
30.0,1.0,0.0
31.0,1.0,0.0
32.0,1.0,0.0
33.0,1.0,0.0
34.0,1.0,0.0
35.0,1.0,0.0
36.0,1.0,0.0
37.0,1.0,0.0
38.0,1.0,0.0
39.0,1.0,0.0
40.0,1.0,0.0
41.0,1.0,0.0
42.0,1.0,0.0
43.0,1.0,0.0
44.0,1.0,0.0
45.0,1.0,0.0
46.0,1.0,0.0
47.0,1.0,0.0
48.0,1.0,0.0
49.0,1.0,0.0
50.0,1.0,0.0
51.0,1.0,0.0
52.0,1.0,0.0
53.0,1.0,0.0
54.0,1.0,0.0
55.0,1.0,0.0
56.0,1.0,0.0
57.0,1.0,0.0
58.0,1.0,0.0
59.0,1.0,0.0
60.0,1.0,0.0
61.0,1.0,0.0
62.0,1.0,0.0
63.0,1.0,0.0
64.0,1.0,0.0
65.0,1.0,0.0
66.0,1.0,0.0
67.0,1.0,0.0
68.0,1.0,0.0
69.0,1.0,0.0
70.0,1.0,0.0
71.0,1.0,0.0
72.0,1.0,0.0
73.0,1.0,0.0
74.0,1.0,0.0
75.0,1.0,0.0
76.0,1.0,0.0
77.0,1.0,0.0
78.0,1.0,0.0
79.0,1.0,0.0
80.0,1.0,0.0
81.0,1.0,0.0
82.0,1.0,0.0
83.0,1.0,0.0
84.0,1.0,0.0
85.0,1.0,0.0
86.0,1.0,0.0
87.0,1.0,0.0
88.0,1.0,0.0
89.0,1.0,0.0
90.0,1.0,0.0
91.0,1.0,0.0
92.0,1.0,0.0
93.0,1.0,0.0
94.0,1.0,0.0
95.0,1.0,0.0
96.0,1.0,0.0
97.0,1.0,0.0
98.0,1.0,0.0
99.0,1.0,0.0
100.0,1.0,0.0
101.0,1.0,0.0
102.0,1.0,0.0
103.0,1.0,0.0
104.0,1.0,0.0
105.0,1.0,0.0
106.0,1.0,0.0
107.0,1.0,0.0
108.0,1.0,0.0
109.0,1.0,0.0
110.0,1.0,0.0
111.0,1.0,0.0
112.0,1.0,0.0
113.0,1.0,0.0
114.0,1.0,0.0
115.0,1.0,0.0
116.0,1.0,0.0
117.0,1.0,0.0
118.0,1.0,0.0
119.0,1.0,0.0
120.0,1.0,0.0
121.0,1.0,0.0
122.0,1.0,0.0
123.0,1.0,0.0
124.0,1.0,0.0
125.0,1.0,0.0
126.0,1.0,0.0
127.0,1.0,0.0
128.0,1.0,0.0
129.0,1.0,0.0
130.0,1.0,0.0
131.0,1.0,0.0
132.0,1.0,0.0
133.0,1.0,0.0
134.0,1.0,0.0
135.0,1.0,0.0
136.0,1.0,0.0
137.0,1.0,0.0
138.0,1.0,0.0
139.0,1.0,0.0
140.0,1.0,0.0
141.0,1.0,0.0
142.0,1.0,0.0
143.0,1.0,0.0
144.0,1.0,0.0
145.0,1.0,0.0
146.0,1.0,0.0
147.0,1.0,0.0
148.0,1.0,0.0
149.0,1.0,0.0
150.0,1.0,0.0
151.0,1.0,0.0
152.0,1.0,0.0
153.0,1.0,0.0
154.0,1.0,0.0
155.0,1.0,0.0
156.0,1.0,0.0
157.0,1.0,0.0
158.0,1.0,0.0
159.0,1.0,0.0
160.0,1.0,0.0
161.0,1.0,0.0
162.0,1.0,0.0
163.0,1.0,0.0
164.0,1.0,0.0
165.0,1.0,0.0
166.0,1.0,0.0
167.0,1.0,0.0
168.0,1.0,0.0
169.0,1.0,0.0
170.0,1.0,0.0
171.0,1.0,0.0
172.0,1.0,0.0
173.0,1.0,0.0
174.0,1.0,0.0
175.0,1.0,0.0
176.0,1.0,0.0
177.0,1.0,0.0
178.0,1.0,0.0
179.0,1.0,0.0
180.0,1.0,0.0
181.0,1.0,0.0
182.0,1.0,0.0
183.0,1.0,0.0
184.0,1.0,0.0
185.0,1.0,0.0
186.0,1.0,0.0
187.0,1.0,0.0
188.0,1.0,0.0
189.0,1.0,0.0
190.0,1.0,0.0
191.0,1.0,0.0
192.0,1.0,0.0
193.0,1.0,0.0
194.0,1.0,0.0
195.0,1.0,0.0
196.0,1.0,0.0
197.0,1.0,0.0
198.0,1.0,0.0
199.0,1.0,0.0
200.0,1.0,0.0
201.0,1.0,0.0
202.0,1.0,0.0
0.0,2.0,ca2ae122e0e308f9
1.0,2.0,994cf9398c486a77
2.0,2.0,c67fb8509031e4e1
3.0,2.0,0.0
4.0,2.0,0.0
5.0,2.0,0.0
6.0,2.0,0.0
7.0,2.0,0.0
8.0,2.0,0.0
9.0,2.0,0.0
10.0,2.0,0.0
11.0,2.0,0.0
12.0,2.0,0.0
13.0,2.0,0.0
14.0,2.0,0.0
15.0,2.0,0.0
16.0,2.0,ca2ae122e0e308f9
17.0,2.0,0.0
18.0,2.0,0.0
19.0,2.0,0.0
20.0,2.0,0.0
21.0,2.0,0.0
22.0,2.0,0.0
23.0,2.0,0.0
24.0,2.0,0.0
25.0,2.0,0.0
26.0,2.0,0.0
27.0,2.0,0.0
28.0,2.0,0.0
29.0,2.0,0.0
30.0,2.0,0.0
31.0,2.0,0.0
32.0,2.0,0.0
33.0,2.0,994cf9398c486a77
34.0,2.0,0.0
35.0,2.0,0.0
36.0,2.0,0.0
37.0,2.0,0.0
38.0,2.0,0.0
39.0,2.0,0.0
40.0,2.0,0.0
41.0,2.0,0.0
42.0,2.0,0.0
43.0,2.0,0.0
44.0,2.0,994cf9398c486a77
45.0,2.0,0.0
46.0,2.0,0.0
47.0,2.0,0.0
48.0,2.0,0.0
49.0,2.0,0.0
50.0,2.0,0.0
51.0,2.0,0.0
52.0,2.0,0.0
53.0,2.0,0.0
54.0,2.0,0.0
55.0,2.0,0.0
56.0,2.0,0.0
57.0,2.0,0.0
58.0,2.0,0.0
59.0,2.0,0.0
60.0,2.0,ca2ae122e0e308f9
61.0,2.0,0.0
62.0,2.0,0.0
63.0,2.0,0.0
64.0,2.0,0.0
65.0,2.0,0.0
66.0,2.0,0.0
67.0,2.0,0.0
68.0,2.0,0.0
69.0,2.0,0.0
70.0,2.0,0.0
71.0,2.0,0.0
72.0,2.0,0.0
73.0,2.0,0.0
74.0,2.0,0.0
75.0,2.0,0.0
76.0,2.0,0.0
77.0,2.0,0.0
78.0,2.0,0.0
79.0,2.0,0.0
80.0,2.0,0.0
81.0,2.0,0.0
82.0,2.0,0.0
83.0,2.0,0.0
84.0,2.0,0.0
85.0,2.0,0.0
86.0,2.0,0.0
87.0,2.0,0.0
88.0,2.0,0.0
89.0,2.0,0.0
90.0,2.0,0.0
91.0,2.0,0.0
92.0,2.0,0.0
93.0,2.0,0.0
94.0,2.0,0.0
95.0,2.0,0.0
96.0,2.0,0.0
97.0,2.0,0.0
98.0,2.0,0.0
99.0,2.0,0.0
100.0,2.0,0.0
101.0,2.0,0.0
102.0,2.0,0.0
103.0,2.0,0.0
104.0,2.0,0.0
105.0,2.0,0.0
106.0,2.0,0.0
107.0,2.0,0.0
108.0,2.0,0.0
109.0,2.0,0.0
110.0,2.0,0.0
111.0,2.0,0.0
112.0,2.0,0.0
113.0,2.0,0.0
114.0,2.0,0.0
115.0,2.0,0.0
116.0,2.0,0.0
117.0,2.0,0.0
118.0,2.0,0.0
119.0,2.0,0.0
120.0,2.0,0.0
121.0,2.0,0.0
122.0,2.0,0.0
123.0,2.0,0.0
124.0,2.0,0.0
125.0,2.0,0.0
126.0,2.0,0.0
127.0,2.0,0.0
128.0,2.0,0.0
129.0,2.0,0.0
130.0,2.0,0.0
131.0,2.0,0.0
132.0,2.0,0.0
133.0,2.0,0.0
134.0,2.0,0.0
135.0,2.0,0.0
136.0,2.0,0.0
137.0,2.0,0.0
138.0,2.0,0.0
139.0,2.0,0.0
140.0,2.0,0.0
141.0,2.0,0.0
142.0,2.0,0.0
143.0,2.0,0.0
144.0,2.0,0.0
145.0,2.0,0.0
146.0,2.0,0.0
147.0,2.0,0.0
148.0,2.0,0.0
149.0,2.0,0.0
150.0,2.0,0.0
151.0,2.0,0.0
152.0,2.0,0.0
153.0,2.0,0.0
154.0,2.0,0.0
155.0,2.0,0.0
156.0,2.0,0.0
157.0,2.0,0.0
158.0,2.0,0.0
159.0,2.0,0.0
160.0,2.0,0.0
161.0,2.0,0.0
162.0,2.0,0.0
163.0,2.0,0.0
164.0,2.0,0.0
165.0,2.0,0.0
166.0,2.0,0.0
167.0,2.0,0.0
168.0,2.0,0.0
169.0,2.0,0.0
170.0,2.0,0.0
171.0,2.0,0.0
172.0,2.0,0.0
173.0,2.0,0.0
174.0,2.0,994cf9398c486a77
175.0,2.0,0.0
176.0,2.0,0.0
177.0,2.0,0.0
178.0,2.0,0.0
179.0,2.0,0.0
180.0,2.0,0.0
181.0,2.0,994cf9398c486a77
182.0,2.0,0.0
183.0,2.0,0.0
184.0,2.0,0.0
185.0,2.0,0.0
186.0,2.0,0.0
187.0,2.0,0.0
188.0,2.0,0.0
189.0,2.0,0.0
190.0,2.0,0.0
191.0,2.0,0.0
192.0,2.0,0.0
193.0,2.0,0.0
194.0,2.0,0.0
195.0,2.0,0.0
196.0,2.0,0.0
197.0,2.0,0.0
198.0,2.0,0.0
199.0,2.0,0.0
200.0,2.0,0.0
201.0,2.0,0.0
202.0,2.0,0.0
0.0,3.0,ca2ae122e0e308f9
1.0,3.0,994cf9398c486a77
2.0,3.0,c67fb8509031e4e1
3.0,3.0,0.0
4.0,3.0,0.0
5.0,3.0,0.0
6.0,3.0,0.0
7.0,3.0,0.0
8.0,3.0,0.0
9.0,3.0,0.0
10.0,3.0,0.0
11.0,3.0,0.0
12.0,3.0,0.0
13.0,3.0,0.0
14.0,3.0,0.0
15.0,3.0,0.0
16.0,3.0,ca2ae122e0e308f9
17.0,3.0,0.0
18.0,3.0,0.0
19.0,3.0,0.0
20.0,3.0,0.0
21.0,3.0,0.0
22.0,3.0,0.0
23.0,3.0,0.0
24.0,3.0,0.0
25.0,3.0,0.0
26.0,3.0,0.0
27.0,3.0,0.0
28.0,3.0,0.0
29.0,3.0,0.0
30.0,3.0,0.0
31.0,3.0,0.0
32.0,3.0,0.0
33.0,3.0,994cf9398c486a77
34.0,3.0,0.0
35.0,3.0,0.0
36.0,3.0,0.0
37.0,3.0,0.0
38.0,3.0,0.0
39.0,3.0,0.0
40.0,3.0,0.0
41.0,3.0,0.0
42.0,3.0,0.0
43.0,3.0,0.0
44.0,3.0,994cf9398c486a77
45.0,3.0,0.0
46.0,3.0,0.0
47.0,3.0,0.0
48.0,3.0,0.0
49.0,3.0,0.0
50.0,3.0,0.0
51.0,3.0,0.0
52.0,3.0,0.0
53.0,3.0,0.0
54.0,3.0,0.0
55.0,3.0,0.0
56.0,3.0,0.0
57.0,3.0,0.0
58.0,3.0,0.0
59.0,3.0,0.0
60.0,3.0,ca2ae122e0e308f9
61.0,3.0,0.0
62.0,3.0,0.0
63.0,3.0,0.0
64.0,3.0,0.0
65.0,3.0,0.0
66.0,3.0,0.0
67.0,3.0,0.0
68.0,3.0,0.0
69.0,3.0,0.0
70.0,3.0,0.0
71.0,3.0,0.0
72.0,3.0,0.0
73.0,3.0,0.0
74.0,3.0,0.0
75.0,3.0,0.0
76.0,3.0,0.0
77.0,3.0,0.0
78.0,3.0,0.0
79.0,3.0,0.0
80.0,3.0,0.0
81.0,3.0,994cf9398c486a77
82.0,3.0,0.0
83.0,3.0,0.0
84.0,3.0,0.0
85.0,3.0,0.0
86.0,3.0,0.0
87.0,3.0,0.0
88.0,3.0,0.0
89.0,3.0,0.0
90.0,3.0,0.0
91.0,3.0,0.0
92.0,3.0,0.0
93.0,3.0,0.0
94.0,3.0,0.0
95.0,3.0,0.0
96.0,3.0,0.0
97.0,3.0,0.0
98.0,3.0,0.0
99.0,3.0,0.0
100.0,3.0,0.0
101.0,3.0,0.0
102.0,3.0,0.0
103.0,3.0,0.0
104.0,3.0,0.0
105.0,3.0,0.0
106.0,3.0,0.0
107.0,3.0,0.0
108.0,3.0,0.0
109.0,3.0,0.0
110.0,3.0,0.0
111.0,3.0,0.0
112.0,3.0,0.0
113.0,3.0,0.0
114.0,3.0,0.0
115.0,3.0,0.0
116.0,3.0,0.0
117.0,3.0,0.0
118.0,3.0,0.0
119.0,3.0,0.0
120.0,3.0,0.0
121.0,3.0,0.0
122.0,3.0,0.0
123.0,3.0,0.0
124.0,3.0,0.0
125.0,3.0,0.0
126.0,3.0,0.0
127.0,3.0,0.0
128.0,3.0,0.0
129.0,3.0,0.0
130.0,3.0,0.0
131.0,3.0,0.0
132.0,3.0,0.0
133.0,3.0,0.0
134.0,3.0,0.0
135.0,3.0,0.0
136.0,3.0,0.0
137.0,3.0,0.0
138.0,3.0,0.0
139.0,3.0,0.0
140.0,3.0,0.0
141.0,3.0,0.0
142.0,3.0,0.0
143.0,3.0,0.0
144.0,3.0,0.0
145.0,3.0,0.0
146.0,3.0,0.0
147.0,3.0,0.0
148.0,3.0,0.0
149.0,3.0,0.0
150.0,3.0,0.0
151.0,3.0,0.0
152.0,3.0,0.0
153.0,3.0,0.0
154.0,3.0,0.0
155.0,3.0,0.0
156.0,3.0,0.0
157.0,3.0,0.0
158.0,3.0,0.0
159.0,3.0,0.0
160.0,3.0,0.0
161.0,3.0,0.0
162.0,3.0,0.0
163.0,3.0,0.0
164.0,3.0,0.0
165.0,3.0,0.0
166.0,3.0,0.0
167.0,3.0,0.0
168.0,3.0,0.0
169.0,3.0,0.0
170.0,3.0,0.0
171.0,3.0,0.0
172.0,3.0,0.0
173.0,3.0,0.0
174.0,3.0,994cf9398c486a77
175.0,3.0,0.0
176.0,3.0,0.0
177.0,3.0,0.0
178.0,3.0,0.0
179.0,3.0,0.0
180.0,3.0,0.0
181.0,3.0,994cf9398c486a77
182.0,3.0,0.0
183.0,3.0,0.0
184.0,3.0,0.0
185.0,3.0,0.0
186.0,3.0,0.0
187.0,3.0,0.0
188.0,3.0,0.0
189.0,3.0,0.0
190.0,3.0,0.0
191.0,3.0,0.0
192.0,3.0,0.0
193.0,3.0,0.0
194.0,3.0,0.0
195.0,3.0,0.0
196.0,3.0,0.0
197.0,3.0,0.0
198.0,3.0,0.0
199.0,3.0,0.0
200.0,3.0,0.0
201.0,3.0,0.0
202.0,3.0,0.0
0.0,4.0,ca2ae122e0e308f9
1.0,4.0,994cf9398c486a77
2.0,4.0,c67fb8509031e4e1
3.0,4.0,0.0
4.0,4.0,ca2ae122e0e308f9
5.0,4.0,0.0
6.0,4.0,0.0
7.0,4.0,0.0
8.0,4.0,994cf9398c486a77
9.0,4.0,994cf9398c486a77
10.0,4.0,994cf9398c486a77
11.0,4.0,0.0
12.0,4.0,994cf9398c486a77
13.0,4.0,0.0
14.0,4.0,0.0
15.0,4.0,0.0
16.0,4.0,ca2ae122e0e308f9
17.0,4.0,c67fb8509031e4e1
18.0,4.0,0.0
19.0,4.0,0.0
20.0,4.0,0.0
21.0,4.0,0.0
22.0,4.0,0.0
23.0,4.0,ca2ae122e0e308f9
24.0,4.0,0.0
25.0,4.0,0.0
26.0,4.0,994cf9398c486a77
27.0,4.0,0.0
28.0,4.0,0.0
29.0,4.0,0.0
30.0,4.0,0.0
31.0,4.0,0.0
32.0,4.0,0.0
33.0,4.0,994cf9398c486a77
34.0,4.0,0.0
35.0,4.0,0.0
36.0,4.0,0.0
37.0,4.0,0.0
38.0,4.0,ca2ae122e0e308f9
39.0,4.0,994cf9398c486a77
40.0,4.0,0.0
41.0,4.0,994cf9398c486a77
42.0,4.0,0.0
43.0,4.0,0.0
44.0,4.0,994cf9398c486a77
45.0,4.0,0.0
46.0,4.0,0.0
47.0,4.0,0.0
48.0,4.0,0.0
49.0,4.0,0.0
50.0,4.0,0.0
51.0,4.0,0.0
52.0,4.0,994cf9398c486a77
53.0,4.0,0.0
54.0,4.0,0.0
55.0,4.0,0.0
56.0,4.0,0.0
57.0,4.0,0.0
58.0,4.0,c67fb8509031e4e1
59.0,4.0,0.0
60.0,4.0,ca2ae122e0e308f9
61.0,4.0,0.0
62.0,4.0,0.0
63.0,4.0,994cf9398c486a77
64.0,4.0,0.0
65.0,4.0,0.0
66.0,4.0,0.0
67.0,4.0,0.0
68.0,4.0,0.0
69.0,4.0,0.0
70.0,4.0,0.0
71.0,4.0,0.0
72.0,4.0,994cf9398c486a77
73.0,4.0,ca2ae122e0e308f9
74.0,4.0,0.0
75.0,4.0,0.0
76.0,4.0,0.0
77.0,4.0,0.0
78.0,4.0,0.0
79.0,4.0,0.0
80.0,4.0,0.0
81.0,4.0,994cf9398c486a77
82.0,4.0,ca2ae122e0e308f9
83.0,4.0,0.0
84.0,4.0,0.0
85.0,4.0,0.0
86.0,4.0,0.0
87.0,4.0,0.0
88.0,4.0,0.0
89.0,4.0,0.0
90.0,4.0,0.0
91.0,4.0,994cf9398c486a77
92.0,4.0,0.0
93.0,4.0,0.0
94.0,4.0,0.0
95.0,4.0,994cf9398c486a77
96.0,4.0,994cf9398c486a77
97.0,4.0,0.0
98.0,4.0,0.0
99.0,4.0,0.0
100.0,4.0,c67fb8509031e4e1
101.0,4.0,994cf9398c486a77
102.0,4.0,0.0
103.0,4.0,0.0
104.0,4.0,994cf9398c486a77
105.0,4.0,0.0
106.0,4.0,0.0
107.0,4.0,c67fb8509031e4e1
108.0,4.0,0.0
109.0,4.0,0.0
110.0,4.0,994cf9398c486a77
111.0,4.0,0.0
112.0,4.0,0.0
113.0,4.0,0.0
114.0,4.0,c67fb8509031e4e1
115.0,4.0,0.0
116.0,4.0,0.0
117.0,4.0,0.0
118.0,4.0,0.0
119.0,4.0,0.0
120.0,4.0,c67fb8509031e4e1
121.0,4.0,0.0
122.0,4.0,0.0
123.0,4.0,0.0
124.0,4.0,0.0
125.0,4.0,994cf9398c486a77
126.0,4.0,0.0
127.0,4.0,0.0
128.0,4.0,c67fb8509031e4e1
129.0,4.0,0.0
130.0,4.0,0.0
131.0,4.0,0.0
132.0,4.0,0.0
133.0,4.0,0.0
134.0,4.0,994cf9398c486a77
135.0,4.0,0.0
136.0,4.0,994cf9398c486a77
137.0,4.0,0.0
138.0,4.0,0.0
139.0,4.0,0.0
140.0,4.0,c67fb8509031e4e1
141.0,4.0,994cf9398c486a77
142.0,4.0,0.0
143.0,4.0,ca2ae122e0e308f9
144.0,4.0,0.0
145.0,4.0,0.0
146.0,4.0,c67fb8509031e4e1
147.0,4.0,0.0
148.0,4.0,0.0
149.0,4.0,0.0
150.0,4.0,0.0
151.0,4.0,994cf9398c486a77
152.0,4.0,0.0
153.0,4.0,0.0
154.0,4.0,0.0
155.0,4.0,0.0
156.0,4.0,0.0
157.0,4.0,0.0
158.0,4.0,994cf9398c486a77
159.0,4.0,0.0
160.0,4.0,0.0
161.0,4.0,994cf9398c486a77
162.0,4.0,994cf9398c486a77
163.0,4.0,0.0
164.0,4.0,0.0
165.0,4.0,0.0
166.0,4.0,994cf9398c486a77
167.0,4.0,994cf9398c486a77
168.0,4.0,0.0
169.0,4.0,c67fb8509031e4e1
170.0,4.0,0.0
171.0,4.0,ca2ae122e0e308f9
172.0,4.0,0.0
173.0,4.0,0.0
174.0,4.0,994cf9398c486a77
175.0,4.0,0.0
176.0,4.0,0.0
177.0,4.0,0.0
178.0,4.0,0.0
179.0,4.0,0.0
180.0,4.0,0.0
181.0,4.0,994cf9398c486a77
182.0,4.0,0.0
183.0,4.0,994cf9398c486a77
184.0,4.0,0.0
185.0,4.0,0.0
186.0,4.0,c67fb8509031e4e1
187.0,4.0,0.0
188.0,4.0,0.0
189.0,4.0,0.0
190.0,4.0,0.0
191.0,4.0,0.0
192.0,4.0,0.0
193.0,4.0,994cf9398c486a77
194.0,4.0,0.0
195.0,4.0,0.0
196.0,4.0,0.0
197.0,4.0,0.0
198.0,4.0,0.0
199.0,4.0,0.0
200.0,4.0,0.0
201.0,4.0,0.0
202.0,4.0,0.0
0.0,5.0,ca2ae122e0e308f9
1.0,5.0,994cf9398c486a77
2.0,5.0,c67fb8509031e4e1
3.0,5.0,0.0
4.0,5.0,ca2ae122e0e308f9
5.0,5.0,0.0
6.0,5.0,c67fb8509031e4e1
7.0,5.0,994cf9398c486a77
8.0,5.0,994cf9398c486a77
9.0,5.0,994cf9398c486a77
10.0,5.0,994cf9398c486a77
11.0,5.0,0.0
12.0,5.0,994cf9398c486a77
13.0,5.0,0.0
14.0,5.0,0.0
15.0,5.0,994cf9398c486a77
16.0,5.0,ca2ae122e0e308f9
17.0,5.0,c67fb8509031e4e1
18.0,5.0,0.0
19.0,5.0,994cf9398c486a77
20.0,5.0,0.0
21.0,5.0,0.0
22.0,5.0,994cf9398c486a77
23.0,5.0,c67fb8509031e4e1
24.0,5.0,0.0
25.0,5.0,994cf9398c486a77
26.0,5.0,994cf9398c486a77
27.0,5.0,994cf9398c486a77
28.0,5.0,994cf9398c486a77
29.0,5.0,c67fb8509031e4e1
30.0,5.0,994cf9398c486a77
31.0,5.0,0.0
32.0,5.0,994cf9398c486a77
33.0,5.0,994cf9398c486a77
34.0,5.0,0.0
35.0,5.0,c67fb8509031e4e1
36.0,5.0,0.0
37.0,5.0,ca2ae122e0e308f9
38.0,5.0,994cf9398c486a77
39.0,5.0,994cf9398c486a77
40.0,5.0,c67fb8509031e4e1
41.0,5.0,994cf9398c486a77
42.0,5.0,0.0
43.0,5.0,0.0
44.0,5.0,994cf9398c486a77
45.0,5.0,994cf9398c486a77
46.0,5.0,0.0
47.0,5.0,0.0
48.0,5.0,0.0
49.0,5.0,994cf9398c486a77
50.0,5.0,c67fb8509031e4e1
51.0,5.0,994cf9398c486a77
52.0,5.0,ca2ae122e0e308f9
53.0,5.0,0.0
54.0,5.0,c67fb8509031e4e1
55.0,5.0,0.0
56.0,5.0,c67fb8509031e4e1
57.0,5.0,c67fb8509031e4e1
58.0,5.0,c67fb8509031e4e1
59.0,5.0,0.0
60.0,5.0,c67fb8509031e4e1
61.0,5.0,994cf9398c486a77
62.0,5.0,0.0
63.0,5.0,994cf9398c486a77
64.0,5.0,994cf9398c486a77
65.0,5.0,994cf9398c486a77
66.0,5.0,0.0
67.0,5.0,0.0
68.0,5.0,0.0
69.0,5.0,0.0
70.0,5.0,c67fb8509031e4e1
71.0,5.0,0.0
72.0,5.0,994cf9398c486a77
73.0,5.0,ca2ae122e0e308f9
74.0,5.0,994cf9398c486a77
75.0,5.0,0.0
76.0,5.0,994cf9398c486a77
77.0,5.0,ca2ae122e0e308f9
78.0,5.0,994cf9398c486a77
79.0,5.0,0.0
80.0,5.0,994cf9398c486a77
81.0,5.0,994cf9398c486a77
82.0,5.0,c67fb8509031e4e1
83.0,5.0,994cf9398c486a77
84.0,5.0,0.0
85.0,5.0,0.0
86.0,5.0,0.0
87.0,5.0,0.0
88.0,5.0,0.0
89.0,5.0,c67fb8509031e4e1
90.0,5.0,0.0
91.0,5.0,994cf9398c486a77
92.0,5.0,0.0
93.0,5.0,0.0
94.0,5.0,0.0
95.0,5.0,994cf9398c486a77
96.0,5.0,994cf9398c486a77
97.0,5.0,0.0
98.0,5.0,994cf9398c486a77
99.0,5.0,994cf9398c486a77
100.0,5.0,c67fb8509031e4e1
101.0,5.0,994cf9398c486a77
102.0,5.0,0.0
103.0,5.0,0.0
104.0,5.0,994cf9398c486a77
105.0,5.0,0.0
106.0,5.0,ca2ae122e0e308f9
107.0,5.0,c67fb8509031e4e1
108.0,5.0,c67fb8509031e4e1
109.0,5.0,0.0
110.0,5.0,994cf9398c486a77
111.0,5.0,0.0
112.0,5.0,994cf9398c486a77
113.0,5.0,0.0
114.0,5.0,c67fb8509031e4e1
115.0,5.0,0.0
116.0,5.0,994cf9398c486a77
117.0,5.0,0.0
118.0,5.0,0.0
119.0,5.0,c67fb8509031e4e1
120.0,5.0,c67fb8509031e4e1
121.0,5.0,c67fb8509031e4e1
122.0,5.0,994cf9398c486a77
123.0,5.0,0.0
124.0,5.0,0.0
125.0,5.0,c67fb8509031e4e1
126.0,5.0,c67fb8509031e4e1
127.0,5.0,994cf9398c486a77
128.0,5.0,c67fb8509031e4e1
129.0,5.0,994cf9398c486a77
130.0,5.0,0.0
131.0,5.0,ca2ae122e0e308f9
132.0,5.0,0.0
133.0,5.0,994cf9398c486a77
134.0,5.0,c67fb8509031e4e1
135.0,5.0,994cf9398c486a77
136.0,5.0,994cf9398c486a77
137.0,5.0,0.0
138.0,5.0,c67fb8509031e4e1
139.0,5.0,c67fb8509031e4e1
140.0,5.0,c67fb8509031e4e1
141.0,5.0,c67fb8509031e4e1
142.0,5.0,994cf9398c486a77
143.0,5.0,ca2ae122e0e308f9
144.0,5.0,ca2ae122e0e308f9
145.0,5.0,994cf9398c486a77
146.0,5.0,c67fb8509031e4e1
147.0,5.0,0.0
148.0,5.0,0.0
149.0,5.0,0.0
150.0,5.0,0.0
151.0,5.0,994cf9398c486a77
152.0,5.0,c67fb8509031e4e1
153.0,5.0,0.0
154.0,5.0,994cf9398c486a77
155.0,5.0,994cf9398c486a77
156.0,5.0,0.0
157.0,5.0,c67fb8509031e4e1
158.0,5.0,994cf9398c486a77
159.0,5.0,c67fb8509031e4e1
160.0,5.0,0.0
161.0,5.0,994cf9398c486a77
162.0,5.0,994cf9398c486a77
163.0,5.0,0.0
164.0,5.0,0.0
165.0,5.0,994cf9398c486a77
166.0,5.0,994cf9398c486a77
167.0,5.0,994cf9398c486a77
168.0,5.0,c67fb8509031e4e1
169.0,5.0,c67fb8509031e4e1
170.0,5.0,0.0
171.0,5.0,ca2ae122e0e308f9
172.0,5.0,ca2ae122e0e308f9
173.0,5.0,0.0
174.0,5.0,994cf9398c486a77
175.0,5.0,0.0
176.0,5.0,c67fb8509031e4e1
177.0,5.0,0.0
178.0,5.0,994cf9398c486a77
179.0,5.0,0.0
180.0,5.0,994cf9398c486a77
181.0,5.0,994cf9398c486a77
182.0,5.0,c67fb8509031e4e1
183.0,5.0,994cf9398c486a77
184.0,5.0,0.0
185.0,5.0,ca2ae122e0e308f9
186.0,5.0,c67fb8509031e4e1
187.0,5.0,994cf9398c486a77
188.0,5.0,0.0
189.0,5.0,994cf9398c486a77
190.0,5.0,0.0
191.0,5.0,994cf9398c486a77
192.0,5.0,0.0
193.0,5.0,ca2ae122e0e308f9
194.0,5.0,994cf9398c486a77
195.0,5.0,0.0
196.0,5.0,994cf9398c486a77
197.0,5.0,0.0
198.0,5.0,0.0
199.0,5.0,ca2ae122e0e308f9
200.0,5.0,994cf9398c486a77
201.0,5.0,ca2ae122e0e308f9
202.0,5.0,c67fb8509031e4e1
0.0,6.0,ca2ae122e0e308f9
1.0,6.0,994cf9398c486a77
2.0,6.0,c67fb8509031e4e1
3.0,6.0,994cf9398c486a77
4.0,6.0,c67fb8509031e4e1
5.0,6.0,994cf9398c486a77
6.0,6.0,c67fb8509031e4e1
7.0,6.0,c67fb8509031e4e1
8.0,6.0,994cf9398c486a77
9.0,6.0,994cf9398c486a77
10.0,6.0,994cf9398c486a77
11.0,6.0,994cf9398c486a77
12.0,6.0,994cf9398c486a77
13.0,6.0,994cf9398c486a77
14.0,6.0,c67fb8509031e4e1
15.0,6.0,c67fb8509031e4e1
16.0,6.0,ca2ae122e0e308f9
17.0,6.0,c67fb8509031e4e1
18.0,6.0,994cf9398c486a77
19.0,6.0,ca2ae122e0e308f9
20.0,6.0,994cf9398c486a77
21.0,6.0,c67fb8509031e4e1
22.0,6.0,994cf9398c486a77
23.0,6.0,c67fb8509031e4e1
24.0,6.0,c67fb8509031e4e1
25.0,6.0,994cf9398c486a77
26.0,6.0,994cf9398c486a77
27.0,6.0,994cf9398c486a77
28.0,6.0,c67fb8509031e4e1
29.0,6.0,c67fb8509031e4e1
30.0,6.0,c67fb8509031e4e1
31.0,6.0,c67fb8509031e4e1
32.0,6.0,994cf9398c486a77
33.0,6.0,994cf9398c486a77
34.0,6.0,c67fb8509031e4e1
35.0,6.0,994cf9398c486a77
36.0,6.0,c67fb8509031e4e1
37.0,6.0,994cf9398c486a77
38.0,6.0,994cf9398c486a77
39.0,6.0,994cf9398c486a77
40.0,6.0,c67fb8509031e4e1
41.0,6.0,994cf9398c486a77
42.0,6.0,c67fb8509031e4e1
43.0,6.0,ca2ae122e0e308f9
44.0,6.0,994cf9398c486a77
45.0,6.0,994cf9398c486a77
46.0,6.0,994cf9398c486a77
47.0,6.0,c67fb8509031e4e1
48.0,6.0,0.0
49.0,6.0,c67fb8509031e4e1
50.0,6.0,c67fb8509031e4e1
51.0,6.0,994cf9398c486a77
52.0,6.0,c67fb8509031e4e1
53.0,6.0,c67fb8509031e4e1
54.0,6.0,c67fb8509031e4e1
55.0,6.0,0.0
56.0,6.0,c67fb8509031e4e1
57.0,6.0,c67fb8509031e4e1
58.0,6.0,c67fb8509031e4e1
59.0,6.0,994cf9398c486a77
60.0,6.0,c67fb8509031e4e1
61.0,6.0,c67fb8509031e4e1
62.0,6.0,c67fb8509031e4e1
63.0,6.0,994cf9398c486a77
64.0,6.0,994cf9398c486a77
65.0,6.0,994cf9398c486a77
66.0,6.0,994cf9398c486a77
67.0,6.0,0.0
68.0,6.0,c67fb8509031e4e1
69.0,6.0,0.0
70.0,6.0,c67fb8509031e4e1
71.0,6.0,c67fb8509031e4e1
72.0,6.0,994cf9398c486a77
73.0,6.0,ca2ae122e0e308f9
74.0,6.0,994cf9398c486a77
75.0,6.0,994cf9398c486a77
76.0,6.0,994cf9398c486a77
77.0,6.0,ca2ae122e0e308f9
78.0,6.0,c67fb8509031e4e1
79.0,6.0,c67fb8509031e4e1
80.0,6.0,994cf9398c486a77
81.0,6.0,994cf9398c486a77
82.0,6.0,c67fb8509031e4e1
83.0,6.0,994cf9398c486a77
84.0,6.0,994cf9398c486a77
85.0,6.0,0.0
86.0,6.0,0.0
87.0,6.0,0.0
88.0,6.0,c67fb8509031e4e1
89.0,6.0,c67fb8509031e4e1
90.0,6.0,c67fb8509031e4e1
91.0,6.0,994cf9398c486a77
92.0,6.0,c67fb8509031e4e1
93.0,6.0,994cf9398c486a77
94.0,6.0,0.0
95.0,6.0,994cf9398c486a77
96.0,6.0,994cf9398c486a77
97.0,6.0,c67fb8509031e4e1
98.0,6.0,c67fb8509031e4e1
99.0,6.0,994cf9398c486a77
100.0,6.0,c67fb8509031e4e1
101.0,6.0,994cf9398c486a77
102.0,6.0,c67fb8509031e4e1
103.0,6.0,994cf9398c486a77
104.0,6.0,994cf9398c486a77
105.0,6.0,994cf9398c486a77
106.0,6.0,c67fb8509031e4e1
107.0,6.0,c67fb8509031e4e1
108.0,6.0,c67fb8509031e4e1
109.0,6.0,0.0
110.0,6.0,994cf9398c486a77
111.0,6.0,0.0
112.0,6.0,c67fb8509031e4e1
113.0,6.0,c67fb8509031e4e1
114.0,6.0,c67fb8509031e4e1
115.0,6.0,c67fb8509031e4e1
116.0,6.0,994cf9398c486a77
117.0,6.0,0.0
118.0,6.0,c67fb8509031e4e1
119.0,6.0,c67fb8509031e4e1
120.0,6.0,c67fb8509031e4e1
121.0,6.0,c67fb8509031e4e1
122.0,6.0,994cf9398c486a77
123.0,6.0,994cf9398c486a77
124.0,6.0,c67fb8509031e4e1
125.0,6.0,c67fb8509031e4e1
126.0,6.0,c67fb8509031e4e1
127.0,6.0,994cf9398c486a77
128.0,6.0,c67fb8509031e4e1
129.0,6.0,994cf9398c486a77
130.0,6.0,994cf9398c486a77
131.0,6.0,c67fb8509031e4e1
132.0,6.0,c67fb8509031e4e1
133.0,6.0,994cf9398c486a77
134.0,6.0,c67fb8509031e4e1
135.0,6.0,994cf9398c486a77
136.0,6.0,c67fb8509031e4e1
137.0,6.0,994cf9398c486a77
138.0,6.0,c67fb8509031e4e1
139.0,6.0,c67fb8509031e4e1
140.0,6.0,c67fb8509031e4e1
141.0,6.0,c67fb8509031e4e1
142.0,6.0,994cf9398c486a77
143.0,6.0,c67fb8509031e4e1
144.0,6.0,c67fb8509031e4e1
145.0,6.0,c67fb8509031e4e1
146.0,6.0,c67fb8509031e4e1
147.0,6.0,c67fb8509031e4e1
148.0,6.0,c67fb8509031e4e1
149.0,6.0,994cf9398c486a77
150.0,6.0,c67fb8509031e4e1
151.0,6.0,994cf9398c486a77
152.0,6.0,c67fb8509031e4e1
153.0,6.0,994cf9398c486a77
154.0,6.0,994cf9398c486a77
155.0,6.0,994cf9398c486a77
156.0,6.0,0.0
157.0,6.0,c67fb8509031e4e1
158.0,6.0,994cf9398c486a77
159.0,6.0,c67fb8509031e4e1
160.0,6.0,994cf9398c486a77
161.0,6.0,994cf9398c486a77
162.0,6.0,994cf9398c486a77
163.0,6.0,994cf9398c486a77
164.0,6.0,0.0
165.0,6.0,994cf9398c486a77
166.0,6.0,994cf9398c486a77
167.0,6.0,994cf9398c486a77
168.0,6.0,c67fb8509031e4e1
169.0,6.0,c67fb8509031e4e1
170.0,6.0,994cf9398c486a77
171.0,6.0,ca2ae122e0e308f9
172.0,6.0,c67fb8509031e4e1
173.0,6.0,994cf9398c486a77
174.0,6.0,994cf9398c486a77
175.0,6.0,0.0
176.0,6.0,c67fb8509031e4e1
177.0,6.0,994cf9398c486a77
178.0,6.0,994cf9398c486a77
179.0,6.0,c67fb8509031e4e1
180.0,6.0,994cf9398c486a77
181.0,6.0,994cf9398c486a77
182.0,6.0,c67fb8509031e4e1
183.0,6.0,994cf9398c486a77
184.0,6.0,994cf9398c486a77
185.0,6.0,994cf9398c486a77
186.0,6.0,ca2ae122e0e308f9
187.0,6.0,994cf9398c486a77
188.0,6.0,ca2ae122e0e308f9
189.0,6.0,994cf9398c486a77
190.0,6.0,0.0
191.0,6.0,994cf9398c486a77
192.0,6.0,994cf9398c486a77
193.0,6.0,c67fb8509031e4e1
194.0,6.0,994cf9398c486a77
195.0,6.0,c67fb8509031e4e1
196.0,6.0,994cf9398c486a77
197.0,6.0,c67fb8509031e4e1
198.0,6.0,c67fb8509031e4e1
199.0,6.0,c67fb8509031e4e1
200.0,6.0,994cf9398c486a77
201.0,6.0,ca2ae122e0e308f9
202.0,6.0,c67fb8509031e4e1
0.0,7.0,ca2ae122e0e308f9
1.0,7.0,994cf9398c486a77
2.0,7.0,c67fb8509031e4e1
3.0,7.0,994cf9398c486a77
4.0,7.0,c67fb8509031e4e1
5.0,7.0,994cf9398c486a77
6.0,7.0,c67fb8509031e4e1
7.0,7.0,c67fb8509031e4e1
8.0,7.0,994cf9398c486a77
9.0,7.0,994cf9398c486a77
10.0,7.0,994cf9398c486a77
11.0,7.0,994cf9398c486a77
12.0,7.0,994cf9398c486a77
13.0,7.0,994cf9398c486a77
14.0,7.0,c67fb8509031e4e1
15.0,7.0,c67fb8509031e4e1
16.0,7.0,ca2ae122e0e308f9
17.0,7.0,c67fb8509031e4e1
18.0,7.0,994cf9398c486a77
19.0,7.0,c67fb8509031e4e1
20.0,7.0,994cf9398c486a77
21.0,7.0,c67fb8509031e4e1
22.0,7.0,994cf9398c486a77
23.0,7.0,c67fb8509031e4e1
24.0,7.0,c67fb8509031e4e1
25.0,7.0,994cf9398c486a77
26.0,7.0,994cf9398c486a77
27.0,7.0,994cf9398c486a77
28.0,7.0,c67fb8509031e4e1
29.0,7.0,c67fb8509031e4e1
30.0,7.0,c67fb8509031e4e1
31.0,7.0,c67fb8509031e4e1
32.0,7.0,994cf9398c486a77
33.0,7.0,994cf9398c486a77
34.0,7.0,c67fb8509031e4e1
35.0,7.0,994cf9398c486a77
36.0,7.0,c67fb8509031e4e1
37.0,7.0,994cf9398c486a77
38.0,7.0,994cf9398c486a77
39.0,7.0,994cf9398c486a77
40.0,7.0,c67fb8509031e4e1
41.0,7.0,994cf9398c486a77
42.0,7.0,c67fb8509031e4e1
43.0,7.0,c67fb8509031e4e1
44.0,7.0,994cf9398c486a77
45.0,7.0,994cf9398c486a77
46.0,7.0,994cf9398c486a77
47.0,7.0,c67fb8509031e4e1
48.0,7.0,c67fb8509031e4e1
49.0,7.0,c67fb8509031e4e1
50.0,7.0,c67fb8509031e4e1
51.0,7.0,994cf9398c486a77
52.0,7.0,c67fb8509031e4e1
53.0,7.0,c67fb8509031e4e1
54.0,7.0,c67fb8509031e4e1
55.0,7.0,994cf9398c486a77
56.0,7.0,c67fb8509031e4e1
57.0,7.0,c67fb8509031e4e1
58.0,7.0,c67fb8509031e4e1
59.0,7.0,994cf9398c486a77
60.0,7.0,c67fb8509031e4e1
61.0,7.0,c67fb8509031e4e1
62.0,7.0,c67fb8509031e4e1
63.0,7.0,994cf9398c486a77
64.0,7.0,994cf9398c486a77
65.0,7.0,994cf9398c486a77
66.0,7.0,994cf9398c486a77
67.0,7.0,0.0
68.0,7.0,c67fb8509031e4e1
69.0,7.0,0.0
70.0,7.0,c67fb8509031e4e1
71.0,7.0,c67fb8509031e4e1
72.0,7.0,994cf9398c486a77
73.0,7.0,ca2ae122e0e308f9
74.0,7.0,994cf9398c486a77
75.0,7.0,994cf9398c486a77
76.0,7.0,994cf9398c486a77
77.0,7.0,ca2ae122e0e308f9
78.0,7.0,994cf9398c486a77
79.0,7.0,c67fb8509031e4e1
80.0,7.0,994cf9398c486a77
81.0,7.0,994cf9398c486a77
82.0,7.0,c67fb8509031e4e1
83.0,7.0,994cf9398c486a77
84.0,7.0,994cf9398c486a77
85.0,7.0,c67fb8509031e4e1
86.0,7.0,c67fb8509031e4e1
87.0,7.0,c67fb8509031e4e1
88.0,7.0,c67fb8509031e4e1
89.0,7.0,c67fb8509031e4e1
90.0,7.0,c67fb8509031e4e1
91.0,7.0,994cf9398c486a77
92.0,7.0,c67fb8509031e4e1
93.0,7.0,994cf9398c486a77
94.0,7.0,c67fb8509031e4e1
95.0,7.0,994cf9398c486a77
96.0,7.0,994cf9398c486a77
97.0,7.0,c67fb8509031e4e1
98.0,7.0,c67fb8509031e4e1
99.0,7.0,994cf9398c486a77
100.0,7.0,c67fb8509031e4e1
101.0,7.0,994cf9398c486a77
102.0,7.0,c67fb8509031e4e1
103.0,7.0,994cf9398c486a77
104.0,7.0,994cf9398c486a77
105.0,7.0,994cf9398c486a77
106.0,7.0,c67fb8509031e4e1
107.0,7.0,c67fb8509031e4e1
108.0,7.0,c67fb8509031e4e1
109.0,7.0,0.0
110.0,7.0,994cf9398c486a77
111.0,7.0,994cf9398c486a77
112.0,7.0,c67fb8509031e4e1
113.0,7.0,c67fb8509031e4e1
114.0,7.0,c67fb8509031e4e1
115.0,7.0,c67fb8509031e4e1
116.0,7.0,994cf9398c486a77
117.0,7.0,994cf9398c486a77
118.0,7.0,c67fb8509031e4e1
119.0,7.0,c67fb8509031e4e1
120.0,7.0,c67fb8509031e4e1
121.0,7.0,c67fb8509031e4e1
122.0,7.0,994cf9398c486a77
123.0,7.0,994cf9398c486a77
124.0,7.0,c67fb8509031e4e1
125.0,7.0,c67fb8509031e4e1
126.0,7.0,c67fb8509031e4e1
127.0,7.0,994cf9398c486a77
128.0,7.0,c67fb8509031e4e1
129.0,7.0,994cf9398c486a77
130.0,7.0,994cf9398c486a77
131.0,7.0,c67fb8509031e4e1
132.0,7.0,c67fb8509031e4e1
133.0,7.0,994cf9398c486a77
134.0,7.0,c67fb8509031e4e1
135.0,7.0,994cf9398c486a77
136.0,7.0,c67fb8509031e4e1
137.0,7.0,994cf9398c486a77
138.0,7.0,c67fb8509031e4e1
139.0,7.0,c67fb8509031e4e1
140.0,7.0,c67fb8509031e4e1
141.0,7.0,c67fb8509031e4e1
142.0,7.0,994cf9398c486a77
143.0,7.0,c67fb8509031e4e1
144.0,7.0,c67fb8509031e4e1
145.0,7.0,c67fb8509031e4e1
146.0,7.0,c67fb8509031e4e1
147.0,7.0,c67fb8509031e4e1
148.0,7.0,c67fb8509031e4e1
149.0,7.0,c67fb8509031e4e1
150.0,7.0,c67fb8509031e4e1
151.0,7.0,994cf9398c486a77
152.0,7.0,c67fb8509031e4e1
153.0,7.0,994cf9398c486a77
154.0,7.0,994cf9398c486a77
155.0,7.0,994cf9398c486a77
156.0,7.0,c67fb8509031e4e1
157.0,7.0,c67fb8509031e4e1
158.0,7.0,994cf9398c486a77
159.0,7.0,c67fb8509031e4e1
160.0,7.0,994cf9398c486a77
161.0,7.0,994cf9398c486a77
162.0,7.0,994cf9398c486a77
163.0,7.0,994cf9398c486a77
164.0,7.0,c67fb8509031e4e1
165.0,7.0,994cf9398c486a77
166.0,7.0,994cf9398c486a77
167.0,7.0,994cf9398c486a77
168.0,7.0,c67fb8509031e4e1
169.0,7.0,c67fb8509031e4e1
170.0,7.0,994cf9398c486a77
171.0,7.0,c67fb8509031e4e1
172.0,7.0,c67fb8509031e4e1
173.0,7.0,994cf9398c486a77
174.0,7.0,994cf9398c486a77
175.0,7.0,0.0
176.0,7.0,c67fb8509031e4e1
177.0,7.0,994cf9398c486a77
178.0,7.0,994cf9398c486a77
179.0,7.0,c67fb8509031e4e1
180.0,7.0,994cf9398c486a77
181.0,7.0,994cf9398c486a77
182.0,7.0,c67fb8509031e4e1
183.0,7.0,994cf9398c486a77
184.0,7.0,994cf9398c486a77
185.0,7.0,994cf9398c486a77
186.0,7.0,ca2ae122e0e308f9
187.0,7.0,994cf9398c486a77
188.0,7.0,ca2ae122e0e308f9
189.0,7.0,994cf9398c486a77
190.0,7.0,c67fb8509031e4e1
191.0,7.0,994cf9398c486a77
192.0,7.0,994cf9398c486a77
193.0,7.0,c67fb8509031e4e1
194.0,7.0,994cf9398c486a77
195.0,7.0,c67fb8509031e4e1
196.0,7.0,994cf9398c486a77
197.0,7.0,c67fb8509031e4e1
198.0,7.0,c67fb8509031e4e1
199.0,7.0,c67fb8509031e4e1
200.0,7.0,994cf9398c486a77
201.0,7.0,ca2ae122e0e308f9
202.0,7.0,c67fb8509031e4e1
0.0,8.0,ca2ae122e0e308f9
1.0,8.0,994cf9398c486a77
2.0,8.0,c67fb8509031e4e1
3.0,8.0,994cf9398c486a77
4.0,8.0,c67fb8509031e4e1
5.0,8.0,994cf9398c486a77
6.0,8.0,c67fb8509031e4e1
7.0,8.0,c67fb8509031e4e1
8.0,8.0,994cf9398c486a77
9.0,8.0,994cf9398c486a77
10.0,8.0,994cf9398c486a77
11.0,8.0,994cf9398c486a77
12.0,8.0,994cf9398c486a77
13.0,8.0,994cf9398c486a77
14.0,8.0,c67fb8509031e4e1
15.0,8.0,c67fb8509031e4e1
16.0,8.0,ca2ae122e0e308f9
17.0,8.0,c67fb8509031e4e1
18.0,8.0,994cf9398c486a77
19.0,8.0,c67fb8509031e4e1
20.0,8.0,994cf9398c486a77
21.0,8.0,c67fb8509031e4e1
22.0,8.0,994cf9398c486a77
23.0,8.0,c67fb8509031e4e1
24.0,8.0,c67fb8509031e4e1
25.0,8.0,994cf9398c486a77
26.0,8.0,994cf9398c486a77
27.0,8.0,994cf9398c486a77
28.0,8.0,c67fb8509031e4e1
29.0,8.0,c67fb8509031e4e1
30.0,8.0,c67fb8509031e4e1
31.0,8.0,c67fb8509031e4e1
32.0,8.0,994cf9398c486a77
33.0,8.0,994cf9398c486a77
34.0,8.0,c67fb8509031e4e1
35.0,8.0,994cf9398c486a77
36.0,8.0,c67fb8509031e4e1
37.0,8.0,994cf9398c486a77
38.0,8.0,994cf9398c486a77
39.0,8.0,994cf9398c486a77
40.0,8.0,c67fb8509031e4e1
41.0,8.0,994cf9398c486a77
42.0,8.0,c67fb8509031e4e1
43.0,8.0,c67fb8509031e4e1
44.0,8.0,994cf9398c486a77
45.0,8.0,994cf9398c486a77
46.0,8.0,994cf9398c486a77
47.0,8.0,c67fb8509031e4e1
48.0,8.0,c67fb8509031e4e1
49.0,8.0,c67fb8509031e4e1
50.0,8.0,c67fb8509031e4e1
51.0,8.0,994cf9398c486a77
52.0,8.0,c67fb8509031e4e1
53.0,8.0,c67fb8509031e4e1
54.0,8.0,c67fb8509031e4e1
55.0,8.0,994cf9398c486a77
56.0,8.0,c67fb8509031e4e1
57.0,8.0,c67fb8509031e4e1
58.0,8.0,c67fb8509031e4e1
59.0,8.0,994cf9398c486a77
60.0,8.0,c67fb8509031e4e1
61.0,8.0,c67fb8509031e4e1
62.0,8.0,c67fb8509031e4e1
63.0,8.0,994cf9398c486a77
64.0,8.0,994cf9398c486a77
65.0,8.0,994cf9398c486a77
66.0,8.0,994cf9398c486a77
67.0,8.0,c67fb8509031e4e1
68.0,8.0,c67fb8509031e4e1
69.0,8.0,994cf9398c486a77
70.0,8.0,c67fb8509031e4e1
71.0,8.0,c67fb8509031e4e1
72.0,8.0,994cf9398c486a77
73.0,8.0,ca2ae122e0e308f9
74.0,8.0,994cf9398c486a77
75.0,8.0,994cf9398c486a77
76.0,8.0,994cf9398c486a77
77.0,8.0,ca2ae122e0e308f9
78.0,8.0,994cf9398c486a77
79.0,8.0,c67fb8509031e4e1
80.0,8.0,994cf9398c486a77
81.0,8.0,994cf9398c486a77
82.0,8.0,c67fb8509031e4e1
83.0,8.0,994cf9398c486a77
84.0,8.0,994cf9398c486a77
85.0,8.0,c67fb8509031e4e1
86.0,8.0,c67fb8509031e4e1
87.0,8.0,c67fb8509031e4e1
88.0,8.0,c67fb8509031e4e1
89.0,8.0,c67fb8509031e4e1
90.0,8.0,c67fb8509031e4e1
91.0,8.0,994cf9398c486a77
92.0,8.0,c67fb8509031e4e1
93.0,8.0,994cf9398c486a77
94.0,8.0,c67fb8509031e4e1
95.0,8.0,994cf9398c486a77
96.0,8.0,994cf9398c486a77
97.0,8.0,c67fb8509031e4e1
98.0,8.0,c67fb8509031e4e1
99.0,8.0,994cf9398c486a77
100.0,8.0,c67fb8509031e4e1
101.0,8.0,994cf9398c486a77
102.0,8.0,c67fb8509031e4e1
103.0,8.0,994cf9398c486a77
104.0,8.0,994cf9398c486a77
105.0,8.0,994cf9398c486a77
106.0,8.0,c67fb8509031e4e1
107.0,8.0,c67fb8509031e4e1
108.0,8.0,c67fb8509031e4e1
109.0,8.0,0.0
110.0,8.0,994cf9398c486a77
111.0,8.0,994cf9398c486a77
112.0,8.0,c67fb8509031e4e1
113.0,8.0,c67fb8509031e4e1
114.0,8.0,c67fb8509031e4e1
115.0,8.0,c67fb8509031e4e1
116.0,8.0,994cf9398c486a77
117.0,8.0,994cf9398c486a77
118.0,8.0,c67fb8509031e4e1
119.0,8.0,c67fb8509031e4e1
120.0,8.0,c67fb8509031e4e1
121.0,8.0,c67fb8509031e4e1
122.0,8.0,994cf9398c486a77
123.0,8.0,994cf9398c486a77
124.0,8.0,c67fb8509031e4e1
125.0,8.0,c67fb8509031e4e1
126.0,8.0,c67fb8509031e4e1
127.0,8.0,994cf9398c486a77
128.0,8.0,c67fb8509031e4e1
129.0,8.0,994cf9398c486a77
130.0,8.0,994cf9398c486a77
131.0,8.0,c67fb8509031e4e1
132.0,8.0,c67fb8509031e4e1
133.0,8.0,994cf9398c486a77
134.0,8.0,c67fb8509031e4e1
135.0,8.0,994cf9398c486a77
136.0,8.0,c67fb8509031e4e1
137.0,8.0,994cf9398c486a77
138.0,8.0,c67fb8509031e4e1
139.0,8.0,c67fb8509031e4e1
140.0,8.0,c67fb8509031e4e1
141.0,8.0,c67fb8509031e4e1
142.0,8.0,994cf9398c486a77
143.0,8.0,c67fb8509031e4e1
144.0,8.0,c67fb8509031e4e1
145.0,8.0,c67fb8509031e4e1
146.0,8.0,c67fb8509031e4e1
147.0,8.0,c67fb8509031e4e1
148.0,8.0,c67fb8509031e4e1
149.0,8.0,c67fb8509031e4e1
150.0,8.0,c67fb8509031e4e1
151.0,8.0,994cf9398c486a77
152.0,8.0,c67fb8509031e4e1
153.0,8.0,994cf9398c486a77
154.0,8.0,994cf9398c486a77
155.0,8.0,994cf9398c486a77
156.0,8.0,c67fb8509031e4e1
157.0,8.0,c67fb8509031e4e1
158.0,8.0,994cf9398c486a77
159.0,8.0,c67fb8509031e4e1
160.0,8.0,994cf9398c486a77
161.0,8.0,994cf9398c486a77
162.0,8.0,994cf9398c486a77
163.0,8.0,994cf9398c486a77
164.0,8.0,c67fb8509031e4e1
165.0,8.0,994cf9398c486a77
166.0,8.0,994cf9398c486a77
167.0,8.0,994cf9398c486a77
168.0,8.0,c67fb8509031e4e1
169.0,8.0,c67fb8509031e4e1
170.0,8.0,994cf9398c486a77
171.0,8.0,c67fb8509031e4e1
172.0,8.0,c67fb8509031e4e1
173.0,8.0,994cf9398c486a77
174.0,8.0,994cf9398c486a77
175.0,8.0,0.0
176.0,8.0,c67fb8509031e4e1
177.0,8.0,994cf9398c486a77
178.0,8.0,994cf9398c486a77
179.0,8.0,c67fb8509031e4e1
180.0,8.0,994cf9398c486a77
181.0,8.0,994cf9398c486a77
182.0,8.0,c67fb8509031e4e1
183.0,8.0,994cf9398c486a77
184.0,8.0,994cf9398c486a77
185.0,8.0,994cf9398c486a77
186.0,8.0,ca2ae122e0e308f9
187.0,8.0,994cf9398c486a77
188.0,8.0,ca2ae122e0e308f9
189.0,8.0,994cf9398c486a77
190.0,8.0,c67fb8509031e4e1
191.0,8.0,994cf9398c486a77
192.0,8.0,994cf9398c486a77
193.0,8.0,c67fb8509031e4e1
194.0,8.0,994cf9398c486a77
195.0,8.0,c67fb8509031e4e1
196.0,8.0,994cf9398c486a77
197.0,8.0,c67fb8509031e4e1
198.0,8.0,c67fb8509031e4e1
199.0,8.0,c67fb8509031e4e1
200.0,8.0,994cf9398c486a77
201.0,8.0,ca2ae122e0e308f9
202.0,8.0,c67fb8509031e4e1
0.0,9.0,ca2ae122e0e308f9
1.0,9.0,994cf9398c486a77
2.0,9.0,c67fb8509031e4e1
3.0,9.0,994cf9398c486a77
4.0,9.0,c67fb8509031e4e1
5.0,9.0,994cf9398c486a77
6.0,9.0,c67fb8509031e4e1
7.0,9.0,c67fb8509031e4e1
8.0,9.0,994cf9398c486a77
9.0,9.0,994cf9398c486a77
10.0,9.0,994cf9398c486a77
11.0,9.0,994cf9398c486a77
12.0,9.0,994cf9398c486a77
13.0,9.0,994cf9398c486a77
14.0,9.0,c67fb8509031e4e1
15.0,9.0,c67fb8509031e4e1
16.0,9.0,ca2ae122e0e308f9
17.0,9.0,c67fb8509031e4e1
18.0,9.0,994cf9398c486a77
19.0,9.0,c67fb8509031e4e1
20.0,9.0,994cf9398c486a77
21.0,9.0,c67fb8509031e4e1
22.0,9.0,994cf9398c486a77
23.0,9.0,c67fb8509031e4e1
24.0,9.0,c67fb8509031e4e1
25.0,9.0,994cf9398c486a77
26.0,9.0,994cf9398c486a77
27.0,9.0,994cf9398c486a77
28.0,9.0,c67fb8509031e4e1
29.0,9.0,c67fb8509031e4e1
30.0,9.0,c67fb8509031e4e1
31.0,9.0,c67fb8509031e4e1
32.0,9.0,994cf9398c486a77
33.0,9.0,994cf9398c486a77
34.0,9.0,c67fb8509031e4e1
35.0,9.0,994cf9398c486a77
36.0,9.0,c67fb8509031e4e1
37.0,9.0,994cf9398c486a77
38.0,9.0,994cf9398c486a77
39.0,9.0,994cf9398c486a77
40.0,9.0,c67fb8509031e4e1
41.0,9.0,994cf9398c486a77
42.0,9.0,c67fb8509031e4e1
43.0,9.0,c67fb8509031e4e1
44.0,9.0,994cf9398c486a77
45.0,9.0,994cf9398c486a77
46.0,9.0,994cf9398c486a77
47.0,9.0,c67fb8509031e4e1
48.0,9.0,c67fb8509031e4e1
49.0,9.0,c67fb8509031e4e1
50.0,9.0,c67fb8509031e4e1
51.0,9.0,994cf9398c486a77
52.0,9.0,c67fb8509031e4e1
53.0,9.0,c67fb8509031e4e1
54.0,9.0,c67fb8509031e4e1
55.0,9.0,994cf9398c486a77
56.0,9.0,c67fb8509031e4e1
57.0,9.0,c67fb8509031e4e1
58.0,9.0,c67fb8509031e4e1
59.0,9.0,994cf9398c486a77
60.0,9.0,c67fb8509031e4e1
61.0,9.0,c67fb8509031e4e1
62.0,9.0,c67fb8509031e4e1
63.0,9.0,994cf9398c486a77
64.0,9.0,994cf9398c486a77
65.0,9.0,994cf9398c486a77
66.0,9.0,994cf9398c486a77
67.0,9.0,c67fb8509031e4e1
68.0,9.0,c67fb8509031e4e1
69.0,9.0,994cf9398c486a77
70.0,9.0,c67fb8509031e4e1
71.0,9.0,c67fb8509031e4e1
72.0,9.0,994cf9398c486a77
73.0,9.0,ca2ae122e0e308f9
74.0,9.0,994cf9398c486a77
75.0,9.0,994cf9398c486a77
76.0,9.0,994cf9398c486a77
77.0,9.0,ca2ae122e0e308f9
78.0,9.0,994cf9398c486a77
79.0,9.0,c67fb8509031e4e1
80.0,9.0,994cf9398c486a77
81.0,9.0,994cf9398c486a77
82.0,9.0,c67fb8509031e4e1
83.0,9.0,994cf9398c486a77
84.0,9.0,994cf9398c486a77
85.0,9.0,c67fb8509031e4e1
86.0,9.0,c67fb8509031e4e1
87.0,9.0,c67fb8509031e4e1
88.0,9.0,c67fb8509031e4e1
89.0,9.0,c67fb8509031e4e1
90.0,9.0,c67fb8509031e4e1
91.0,9.0,994cf9398c486a77
92.0,9.0,c67fb8509031e4e1
93.0,9.0,994cf9398c486a77
94.0,9.0,c67fb8509031e4e1
95.0,9.0,994cf9398c486a77
96.0,9.0,994cf9398c486a77
97.0,9.0,c67fb8509031e4e1
98.0,9.0,c67fb8509031e4e1
99.0,9.0,994cf9398c486a77
100.0,9.0,c67fb8509031e4e1
101.0,9.0,994cf9398c486a77
102.0,9.0,c67fb8509031e4e1
103.0,9.0,994cf9398c486a77
104.0,9.0,994cf9398c486a77
105.0,9.0,994cf9398c486a77
106.0,9.0,c67fb8509031e4e1
107.0,9.0,c67fb8509031e4e1
108.0,9.0,c67fb8509031e4e1
109.0,9.0,0.0
110.0,9.0,994cf9398c486a77
111.0,9.0,994cf9398c486a77
112.0,9.0,c67fb8509031e4e1
113.0,9.0,c67fb8509031e4e1
114.0,9.0,c67fb8509031e4e1
115.0,9.0,c67fb8509031e4e1
116.0,9.0,994cf9398c486a77
117.0,9.0,994cf9398c486a77
118.0,9.0,c67fb8509031e4e1
119.0,9.0,c67fb8509031e4e1
120.0,9.0,c67fb8509031e4e1
121.0,9.0,c67fb8509031e4e1
122.0,9.0,994cf9398c486a77
123.0,9.0,994cf9398c486a77
124.0,9.0,c67fb8509031e4e1
125.0,9.0,c67fb8509031e4e1
126.0,9.0,c67fb8509031e4e1
127.0,9.0,994cf9398c486a77
128.0,9.0,994cf9398c486a77
129.0,9.0,994cf9398c486a77
130.0,9.0,994cf9398c486a77
131.0,9.0,c67fb8509031e4e1
132.0,9.0,c67fb8509031e4e1
133.0,9.0,994cf9398c486a77
134.0,9.0,c67fb8509031e4e1
135.0,9.0,994cf9398c486a77
136.0,9.0,c67fb8509031e4e1
137.0,9.0,994cf9398c486a77
138.0,9.0,c67fb8509031e4e1
139.0,9.0,c67fb8509031e4e1
140.0,9.0,c67fb8509031e4e1
141.0,9.0,c67fb8509031e4e1
142.0,9.0,994cf9398c486a77
143.0,9.0,c67fb8509031e4e1
144.0,9.0,c67fb8509031e4e1
145.0,9.0,c67fb8509031e4e1
146.0,9.0,c67fb8509031e4e1
147.0,9.0,c67fb8509031e4e1
148.0,9.0,c67fb8509031e4e1
149.0,9.0,c67fb8509031e4e1
150.0,9.0,c67fb8509031e4e1
151.0,9.0,994cf9398c486a77
152.0,9.0,c67fb8509031e4e1
153.0,9.0,994cf9398c486a77
154.0,9.0,994cf9398c486a77
155.0,9.0,994cf9398c486a77
156.0,9.0,c67fb8509031e4e1
157.0,9.0,c67fb8509031e4e1
158.0,9.0,994cf9398c486a77
159.0,9.0,c67fb8509031e4e1
160.0,9.0,994cf9398c486a77
161.0,9.0,994cf9398c486a77
162.0,9.0,994cf9398c486a77
163.0,9.0,994cf9398c486a77
164.0,9.0,c67fb8509031e4e1
165.0,9.0,994cf9398c486a77
166.0,9.0,c67fb8509031e4e1
167.0,9.0,994cf9398c486a77
168.0,9.0,c67fb8509031e4e1
169.0,9.0,c67fb8509031e4e1
170.0,9.0,994cf9398c486a77
171.0,9.0,c67fb8509031e4e1
172.0,9.0,c67fb8509031e4e1
173.0,9.0,994cf9398c486a77
174.0,9.0,994cf9398c486a77
175.0,9.0,0.0
176.0,9.0,c67fb8509031e4e1
177.0,9.0,994cf9398c486a77
178.0,9.0,994cf9398c486a77
179.0,9.0,c67fb8509031e4e1
180.0,9.0,994cf9398c486a77
181.0,9.0,994cf9398c486a77
182.0,9.0,c67fb8509031e4e1
183.0,9.0,994cf9398c486a77
184.0,9.0,994cf9398c486a77
185.0,9.0,994cf9398c486a77
186.0,9.0,ca2ae122e0e308f9
187.0,9.0,994cf9398c486a77
188.0,9.0,ca2ae122e0e308f9
189.0,9.0,994cf9398c486a77
190.0,9.0,c67fb8509031e4e1
191.0,9.0,994cf9398c486a77
192.0,9.0,994cf9398c486a77
193.0,9.0,c67fb8509031e4e1
194.0,9.0,994cf9398c486a77
195.0,9.0,c67fb8509031e4e1
196.0,9.0,994cf9398c486a77
197.0,9.0,c67fb8509031e4e1
198.0,9.0,c67fb8509031e4e1
199.0,9.0,c67fb8509031e4e1
200.0,9.0,994cf9398c486a77
201.0,9.0,ca2ae122e0e308f9
202.0,9.0,c67fb8509031e4e1
0.0,10.0,ca2ae122e0e308f9
1.0,10.0,994cf9398c486a77
2.0,10.0,c67fb8509031e4e1
3.0,10.0,994cf9398c486a77
4.0,10.0,c67fb8509031e4e1
5.0,10.0,994cf9398c486a77
6.0,10.0,c67fb8509031e4e1
7.0,10.0,c67fb8509031e4e1
8.0,10.0,994cf9398c486a77
9.0,10.0,994cf9398c486a77
10.0,10.0,994cf9398c486a77
11.0,10.0,994cf9398c486a77
12.0,10.0,994cf9398c486a77
13.0,10.0,994cf9398c486a77
14.0,10.0,c67fb8509031e4e1
15.0,10.0,c67fb8509031e4e1
16.0,10.0,ca2ae122e0e308f9
17.0,10.0,c67fb8509031e4e1
18.0,10.0,994cf9398c486a77
19.0,10.0,c67fb8509031e4e1
20.0,10.0,994cf9398c486a77
21.0,10.0,c67fb8509031e4e1
22.0,10.0,994cf9398c486a77
23.0,10.0,c67fb8509031e4e1
24.0,10.0,c67fb8509031e4e1
25.0,10.0,994cf9398c486a77
26.0,10.0,994cf9398c486a77
27.0,10.0,994cf9398c486a77
28.0,10.0,c67fb8509031e4e1
29.0,10.0,c67fb8509031e4e1
30.0,10.0,c67fb8509031e4e1
31.0,10.0,c67fb8509031e4e1
32.0,10.0,994cf9398c486a77
33.0,10.0,994cf9398c486a77
34.0,10.0,c67fb8509031e4e1
35.0,10.0,994cf9398c486a77
36.0,10.0,c67fb8509031e4e1
37.0,10.0,994cf9398c486a77
38.0,10.0,994cf9398c486a77
39.0,10.0,994cf9398c486a77
40.0,10.0,c67fb8509031e4e1
41.0,10.0,994cf9398c486a77
42.0,10.0,c67fb8509031e4e1
43.0,10.0,c67fb8509031e4e1
44.0,10.0,994cf9398c486a77
45.0,10.0,994cf9398c486a77
46.0,10.0,994cf9398c486a77
47.0,10.0,c67fb8509031e4e1
48.0,10.0,c67fb8509031e4e1
49.0,10.0,c67fb8509031e4e1
50.0,10.0,c67fb8509031e4e1
51.0,10.0,994cf9398c486a77
52.0,10.0,c67fb8509031e4e1
53.0,10.0,c67fb8509031e4e1
54.0,10.0,c67fb8509031e4e1
55.0,10.0,994cf9398c486a77
56.0,10.0,c67fb8509031e4e1
57.0,10.0,c67fb8509031e4e1
58.0,10.0,c67fb8509031e4e1
59.0,10.0,994cf9398c486a77
60.0,10.0,c67fb8509031e4e1
61.0,10.0,c67fb8509031e4e1
62.0,10.0,c67fb8509031e4e1
63.0,10.0,994cf9398c486a77
64.0,10.0,994cf9398c486a77
65.0,10.0,994cf9398c486a77
66.0,10.0,994cf9398c486a77
67.0,10.0,c67fb8509031e4e1
68.0,10.0,c67fb8509031e4e1
69.0,10.0,994cf9398c486a77
70.0,10.0,c67fb8509031e4e1
71.0,10.0,c67fb8509031e4e1
72.0,10.0,994cf9398c486a77
73.0,10.0,c67fb8509031e4e1
74.0,10.0,994cf9398c486a77
75.0,10.0,994cf9398c486a77
76.0,10.0,994cf9398c486a77
77.0,10.0,ca2ae122e0e308f9
78.0,10.0,994cf9398c486a77
79.0,10.0,c67fb8509031e4e1
80.0,10.0,994cf9398c486a77
81.0,10.0,994cf9398c486a77
82.0,10.0,c67fb8509031e4e1
83.0,10.0,994cf9398c486a77
84.0,10.0,994cf9398c486a77
85.0,10.0,c67fb8509031e4e1
86.0,10.0,c67fb8509031e4e1
87.0,10.0,c67fb8509031e4e1
88.0,10.0,c67fb8509031e4e1
89.0,10.0,c67fb8509031e4e1
90.0,10.0,c67fb8509031e4e1
91.0,10.0,994cf9398c486a77
92.0,10.0,c67fb8509031e4e1
93.0,10.0,994cf9398c486a77
94.0,10.0,c67fb8509031e4e1
95.0,10.0,994cf9398c486a77
96.0,10.0,994cf9398c486a77
97.0,10.0,c67fb8509031e4e1
98.0,10.0,c67fb8509031e4e1
99.0,10.0,994cf9398c486a77
100.0,10.0,c67fb8509031e4e1
101.0,10.0,994cf9398c486a77
102.0,10.0,c67fb8509031e4e1
103.0,10.0,994cf9398c486a77
104.0,10.0,994cf9398c486a77
105.0,10.0,994cf9398c486a77
106.0,10.0,c67fb8509031e4e1
107.0,10.0,c67fb8509031e4e1
108.0,10.0,c67fb8509031e4e1
109.0,10.0,994cf9398c486a77
110.0,10.0,994cf9398c486a77
111.0,10.0,994cf9398c486a77
112.0,10.0,c67fb8509031e4e1
113.0,10.0,c67fb8509031e4e1
114.0,10.0,c67fb8509031e4e1
115.0,10.0,c67fb8509031e4e1
116.0,10.0,994cf9398c486a77
117.0,10.0,994cf9398c486a77
118.0,10.0,c67fb8509031e4e1
119.0,10.0,c67fb8509031e4e1
120.0,10.0,c67fb8509031e4e1
121.0,10.0,c67fb8509031e4e1
122.0,10.0,994cf9398c486a77
123.0,10.0,994cf9398c486a77
124.0,10.0,c67fb8509031e4e1
125.0,10.0,c67fb8509031e4e1
126.0,10.0,c67fb8509031e4e1
127.0,10.0,994cf9398c486a77
128.0,10.0,994cf9398c486a77
129.0,10.0,994cf9398c486a77
130.0,10.0,994cf9398c486a77
131.0,10.0,c67fb8509031e4e1
132.0,10.0,c67fb8509031e4e1
133.0,10.0,994cf9398c486a77
134.0,10.0,c67fb8509031e4e1
135.0,10.0,994cf9398c486a77
136.0,10.0,c67fb8509031e4e1
137.0,10.0,994cf9398c486a77
138.0,10.0,c67fb8509031e4e1
139.0,10.0,c67fb8509031e4e1
140.0,10.0,c67fb8509031e4e1
141.0,10.0,c67fb8509031e4e1
142.0,10.0,994cf9398c486a77
143.0,10.0,c67fb8509031e4e1
144.0,10.0,c67fb8509031e4e1
145.0,10.0,c67fb8509031e4e1
146.0,10.0,c67fb8509031e4e1
147.0,10.0,c67fb8509031e4e1
148.0,10.0,c67fb8509031e4e1
149.0,10.0,c67fb8509031e4e1
150.0,10.0,c67fb8509031e4e1
151.0,10.0,994cf9398c486a77
152.0,10.0,c67fb8509031e4e1
153.0,10.0,994cf9398c486a77
154.0,10.0,994cf9398c486a77
155.0,10.0,994cf9398c486a77
156.0,10.0,c67fb8509031e4e1
157.0,10.0,c67fb8509031e4e1
158.0,10.0,994cf9398c486a77
159.0,10.0,c67fb8509031e4e1
160.0,10.0,994cf9398c486a77
161.0,10.0,994cf9398c486a77
162.0,10.0,994cf9398c486a77
163.0,10.0,994cf9398c486a77
164.0,10.0,c67fb8509031e4e1
165.0,10.0,994cf9398c486a77
166.0,10.0,c67fb8509031e4e1
167.0,10.0,994cf9398c486a77
168.0,10.0,c67fb8509031e4e1
169.0,10.0,c67fb8509031e4e1
170.0,10.0,994cf9398c486a77
171.0,10.0,c67fb8509031e4e1
172.0,10.0,c67fb8509031e4e1
173.0,10.0,994cf9398c486a77
174.0,10.0,994cf9398c486a77
