# Wed Nov 22 11:58:50 2017
#simulation with:
#SEED 1
#N_AGENTS 203
#N_USERS 200
#N_SOURCES 3
#P_a 0.025
#P_s 0.25
#dim 3
#time 100
#memorySize 1
source,timec,news,ag1,ag2,time,type
0,1,6ffe8fc954aa91be,0,0,1,c
2,1,a688b3a4a3d09cad,2,2,1,c
1,1,7dba361dd1e8f991,1,1,1,c
1,1,7dba361dd1e8f991,1,185,2,p
1,1,7dba361dd1e8f991,1,187,2,p
1,1,7dba361dd1e8f991,1,45,2,p
1,1,7dba361dd1e8f991,185,158,2,p
2,1,a688b3a4a3d09cad,2,20,2,p
1,1,7dba361dd1e8f991,1,19,2,p
1,1,7dba361dd1e8f991,45,9,2,p
2,1,a688b3a4a3d09cad,2,96,2,p
2,1,a688b3a4a3d09cad,2,192,2,p
1,1,7dba361dd1e8f991,185,89,2,p
2,1,a688b3a4a3d09cad,2,86,2,p
1,1,7dba361dd1e8f991,1,117,2,p
1,1,7dba361dd1e8f991,185,70,2,p
0,1,6ffe8fc954aa91be,0,196,2,p
1,1,7dba361dd1e8f991,1,115,2,p
1,1,7dba361dd1e8f991,9,35,2,p
0,1,6ffe8fc954aa91be,0,79,2,p
1,1,7dba361dd1e8f991,35,184,2,a
0,1,6ffe8fc954aa91be,196,172,2,a
1,1,7dba361dd1e8f991,115,154,2,a
1,1,7dba361dd1e8f991,45,175,2,a
1,1,7dba361dd1e8f991,70,185,2,a
1,1,7dba361dd1e8f991,117,41,2,a
2,1,a688b3a4a3d09cad,86,199,2,a
1,1,7dba361dd1e8f991,19,23,2,a
2,1,a688b3a4a3d09cad,192,191,2,a
1,1,7dba361dd1e8f991,158,33,2,a
1,1,7dba361dd1e8f991,89,52,2,a
1,1,7dba361dd1e8f991,9,84,2,a
1,1,7dba361dd1e8f991,185,149,2,a
0,1,6ffe8fc954aa91be,79,47,2,a
2,1,a688b3a4a3d09cad,96,82,2,a
1,1,7dba361dd1e8f991,187,142,2,a
2,1,a688b3a4a3d09cad,20,148,2,a
2,1,a688b3a4a3d09cad,199,86,3,p
2,1,a688b3a4a3d09cad,148,192,3,p
1,1,7dba361dd1e8f991,84,187,3,p
1,1,7dba361dd1e8f991,23,19,3,p
1,1,7dba361dd1e8f991,70,185,3,p
1,1,7dba361dd1e8f991,9,35,3,p
1,1,7dba361dd1e8f991,35,9,3,p
1,1,7dba361dd1e8f991,52,89,3,p
0,1,6ffe8fc954aa91be,47,79,3,p
0,1,6ffe8fc954aa91be,196,96,3,p
1,1,7dba361dd1e8f991,41,117,3,p
1,1,7dba361dd1e8f991,185,70,3,p
2,1,a688b3a4a3d09cad,137,115,3,p
1,1,7dba361dd1e8f991,9,45,3,p
1,1,7dba361dd1e8f991,90,158,3,p
0,1,6ffe8fc954aa91be,96,196,3,p
2,1,a688b3a4a3d09cad,191,7,3,p
1,1,7dba361dd1e8f991,84,20,3,p
1,1,7dba361dd1e8f991,158,33,3,a
2,1,a688b3a4a3d09cad,86,199,3,a
2,1,a688b3a4a3d09cad,148,20,3,a
1,1,7dba361dd1e8f991,52,136,3,a
2,1,a688b3a4a3d09cad,115,154,3,a
1,1,7dba361dd1e8f991,9,84,3,a
1,1,7dba361dd1e8f991,187,142,3,a
1,1,7dba361dd1e8f991,35,184,3,a
1,1,7dba361dd1e8f991,185,149,3,a
1,1,7dba361dd1e8f991,149,30,3,a
0,1,6ffe8fc954aa91be,196,172,3,a
0,1,6ffe8fc954aa91be,79,47,3,a
1,1,7dba361dd1e8f991,45,175,3,a
1,1,7dba361dd1e8f991,89,52,3,a
1,1,7dba361dd1e8f991,70,185,3,a
0,1,6ffe8fc954aa91be,47,79,3,a
1,1,7dba361dd1e8f991,30,52,4,p
2,1,a688b3a4a3d09cad,137,115,4,p
2,1,a688b3a4a3d09cad,154,86,4,p
1,1,7dba361dd1e8f991,9,45,4,p
1,1,7dba361dd1e8f991,84,138,4,p
1,1,7dba361dd1e8f991,30,156,4,p
1,1,7dba361dd1e8f991,1,100,4,p
1,1,7dba361dd1e8f991,1,188,4,p
1,1,7dba361dd1e8f991,138,64,4,p
2,1,a688b3a4a3d09cad,2,32,4,p
1,1,7dba361dd1e8f991,89,132,4,p
1,1,7dba361dd1e8f991,70,185,4,p
1,1,7dba361dd1e8f991,33,81,4,p
1,1,7dba361dd1e8f991,30,149,4,p
0,1,6ffe8fc954aa91be,47,79,4,p
1,1,7dba361dd1e8f991,1,139,4,p
2,1,a688b3a4a3d09cad,20,148,4,p
1,1,7dba361dd1e8f991,1,51,4,p
1,1,7dba361dd1e8f991,81,33,4,p
1,1,7dba361dd1e8f991,9,35,4,p
0,1,6ffe8fc954aa91be,0,110,4,p
1,1,7dba361dd1e8f991,1,76,4,p
0,1,6ffe8fc954aa91be,0,24,4,p
1,1,7dba361dd1e8f991,52,89,4,p
0,1,6ffe8fc954aa91be,110,41,4,p
1,1,7dba361dd1e8f991,23,42,4,p
2,1,a688b3a4a3d09cad,2,126,4,p
1,1,7dba361dd1e8f991,42,57,4,p
1,1,7dba361dd1e8f991,45,48,4,p
1,1,7dba361dd1e8f991,1,31,4,p
1,1,7dba361dd1e8f991,33,158,4,p
1,1,7dba361dd1e8f991,84,187,4,p
1,1,7dba361dd1e8f991,35,9,4,p
0,1,6ffe8fc954aa91be,79,123,4,p
0,1,6ffe8fc954aa91be,24,11,4,p
1,1,7dba361dd1e8f991,51,47,4,p
1,1,7dba361dd1e8f991,1,54,4,p
1,1,7dba361dd1e8f991,23,190,4,p
1,1,7dba361dd1e8f991,54,198,4,p
2,1,a688b3a4a3d09cad,191,98,4,p
1,1,7dba361dd1e8f991,9,74,4,p
2,1,a688b3a4a3d09cad,148,174,4,p
1,1,7dba361dd1e8f991,33,27,4,p
1,1,7dba361dd1e8f991,30,197,4,p
1,1,7dba361dd1e8f991,158,55,4,p
1,1,7dba361dd1e8f991,54,111,4,p
0,1,6ffe8fc954aa91be,0,72,4,p
1,1,7dba361dd1e8f991,197,21,4,p
0,1,6ffe8fc954aa91be,11,13,4,p
1,1,7dba361dd1e8f991,64,6,4,p
1,1,7dba361dd1e8f991,47,104,4,p
0,1,6ffe8fc954aa91be,96,196,4,p
1,1,7dba361dd1e8f991,185,70,4,p
1,1,7dba361dd1e8f991,9,84,4,p
1,1,7dba361dd1e8f991,111,76,4,a
1,1,7dba361dd1e8f991,132,163,4,a
1,1,7dba361dd1e8f991,89,52,4,a
1,1,7dba361dd1e8f991,190,23,4,a
1,1,7dba361dd1e8f991,158,33,4,a
1,1,7dba361dd1e8f991,100,163,4,a
2,1,a688b3a4a3d09cad,98,159,4,a
2,1,a688b3a4a3d09cad,137,115,4,a
1,1,7dba361dd1e8f991,21,38,4,a
0,1,6ffe8fc954aa91be,13,3,4,a
1,1,7dba361dd1e8f991,188,151,4,a
1,1,7dba361dd1e8f991,76,111,4,a
1,1,7dba361dd1e8f991,185,149,4,a
1,1,7dba361dd1e8f991,149,30,4,a
1,1,7dba361dd1e8f991,27,145,4,a
0,1,6ffe8fc954aa91be,11,13,4,a
2,1,a688b3a4a3d09cad,126,184,4,a
1,1,7dba361dd1e8f991,31,127,4,a
1,1,7dba361dd1e8f991,139,127,4,a
1,1,7dba361dd1e8f991,35,184,4,a
1,1,7dba361dd1e8f991,163,100,4,a
0,1,6ffe8fc954aa91be,110,173,4,a
1,1,7dba361dd1e8f991,74,9,4,a
1,1,7dba361dd1e8f991,104,5,4,a
1,1,7dba361dd1e8f991,33,18,4,a
1,1,7dba361dd1e8f991,42,181,4,a
1,1,7dba361dd1e8f991,197,127,4,a
2,1,a688b3a4a3d09cad,174,39,4,a
1,1,7dba361dd1e8f991,84,9,4,a
1,1,7dba361dd1e8f991,175,45,4,a
0,1,6ffe8fc954aa91be,41,38,4,a
2,1,a688b3a4a3d09cad,32,130,4,a
1,1,7dba361dd1e8f991,51,20,4,a
1,1,7dba361dd1e8f991,57,95,4,a
0,1,6ffe8fc954aa91be,196,172,4,a
1,1,7dba361dd1e8f991,138,64,4,a
1,1,7dba361dd1e8f991,181,42,4,a
1,1,7dba361dd1e8f991,54,112,4,a
1,1,7dba361dd1e8f991,184,35,4,a
0,1,6ffe8fc954aa91be,72,94,4,a
1,1,7dba361dd1e8f991,48,165,4,a
1,1,7dba361dd1e8f991,64,138,4,a
0,1,6ffe8fc954aa91be,123,79,4,a
2,1,a688b3a4a3d09cad,39,87,4,a
2,1,a688b3a4a3d09cad,154,115,4,a
2,1,a688b3a4a3d09cad,148,20,4,a
1,1,7dba361dd1e8f991,47,79,4,a
1,1,7dba361dd1e8f991,81,64,4,a
1,1,7dba361dd1e8f991,52,136,4,a
1,1,7dba361dd1e8f991,156,143,4,a
1,1,7dba361dd1e8f991,198,180,4,a
1,1,7dba361dd1e8f991,55,182,4,a
0,1,6ffe8fc954aa91be,24,135,4,a
1,1,7dba361dd1e8f991,33,81,5,p
1,1,7dba361dd1e8f991,158,55,5,p
1,1,7dba361dd1e8f991,138,25,5,p
1,1,7dba361dd1e8f991,57,62,5,p
1,1,7dba361dd1e8f991,6,64,5,p
1,1,7dba361dd1e8f991,30,156,5,p
1,1,7dba361dd1e8f991,52,89,5,p
1,1,7dba361dd1e8f991,64,143,5,p
2,1,a688b3a4a3d09cad,32,4,5,p
1,1,7dba361dd1e8f991,151,188,5,p
0,1,6ffe8fc954aa91be,173,169,5,p
1,1,7dba361dd1e8f991,127,31,5,p
1,1,7dba361dd1e8f991,79,161,5,p
1,1,7dba361dd1e8f991,23,77,5,p
0,1,6ffe8fc954aa91be,189,124,5,p
1,1,7dba361dd1e8f991,48,101,5,p
1,1,7dba361dd1e8f991,23,165,5,p
1,1,7dba361dd1e8f991,89,132,5,p
1,1,7dba361dd1e8f991,127,139,5,p
1,1,7dba361dd1e8f991,27,149,5,p
1,1,7dba361dd1e8f991,9,84,5,p
0,1,6ffe8fc954aa91be,0,17,5,p
0,1,6ffe8fc954aa91be,172,18,5,p
1,1,7dba361dd1e8f991,55,12,5,p
1,1,7dba361dd1e8f991,197,152,5,p
1,1,7dba361dd1e8f991,5,104,5,p
1,1,7dba361dd1e8f991,54,198,5,p
0,1,6ffe8fc954aa91be,0,49,5,p
1,1,7dba361dd1e8f991,163,154,5,p
1,1,7dba361dd1e8f991,23,190,5,p
0,1,6ffe8fc954aa91be,41,110,5,p
1,1,7dba361dd1e8f991,54,44,5,p
1,1,7dba361dd1e8f991,5,48,5,p
2,1,a688b3a4a3d09cad,39,182,5,p
0,1,6ffe8fc954aa91be,17,87,5,p
1,1,7dba361dd1e8f991,84,193,5,p
1,1,7dba361dd1e8f991,42,181,5,p
0,1,6ffe8fc954aa91be,13,11,5,p
1,1,7dba361dd1e8f991,35,184,5,p
1,1,7dba361dd1e8f991,127,100,5,p
1,1,7dba361dd1e8f991,16,63,5,p
0,1,6ffe8fc954aa91be,136,129,5,p
0,1,6ffe8fc954aa91be,0,112,5,p
1,1,7dba361dd1e8f991,6,74,5,p
0,1,6ffe8fc954aa91be,0,98,5,p
1,1,7dba361dd1e8f991,42,195,5,p
0,1,6ffe8fc954aa91be,94,123,5,p
0,1,6ffe8fc954aa91be,3,109,5,p
1,1,7dba361dd1e8f991,1,94,5,p
0,1,6ffe8fc954aa91be,3,163,5,p
1,1,7dba361dd1e8f991,33,158,5,p
0,1,6ffe8fc954aa91be,41,38,5,p
0,1,6ffe8fc954aa91be,0,15,5,p
0,1,6ffe8fc954aa91be,38,21,5,p
1,1,7dba361dd1e8f991,23,42,5,p
1,1,7dba361dd1e8f991,70,185,5,p
2,1,a688b3a4a3d09cad,39,68,5,p
1,1,7dba361dd1e8f991,19,23,5,p
0,1,6ffe8fc954aa91be,0,66,5,p
0,1,6ffe8fc954aa91be,0,72,5,p
1,1,7dba361dd1e8f991,145,159,5,p
1,1,7dba361dd1e8f991,165,43,5,p
2,1,a688b3a4a3d09cad,39,174,5,p
0,1,6ffe8fc954aa91be,96,196,5,p
0,1,6ffe8fc954aa91be,21,197,5,p
1,1,7dba361dd1e8f991,165,88,5,p
0,1,6ffe8fc954aa91be,0,166,5,p
2,1,a688b3a4a3d09cad,2,126,5,p
1,1,7dba361dd1e8f991,142,171,5,p
1,1,7dba361dd1e8f991,16,138,5,p
0,1,6ffe8fc954aa91be,166,28,5,p
1,1,7dba361dd1e8f991,51,47,5,p
0,1,6ffe8fc954aa91be,169,175,5,p
0,1,6ffe8fc954aa91be,38,41,5,p
2,1,a688b3a4a3d09cad,32,130,5,p
1,1,7dba361dd1e8f991,25,183,5,p
1,1,7dba361dd1e8f991,94,125,5,p
1,1,7dba361dd1e8f991,47,51,5,p
1,1,7dba361dd1e8f991,54,111,5,p
0,1,6ffe8fc954aa91be,87,148,5,p
1,1,7dba361dd1e8f991,33,27,5,p
2,1,a688b3a4a3d09cad,2,5,5,p
1,1,7dba361dd1e8f991,19,60,5,p
1,1,7dba361dd1e8f991,111,76,5,p
2,1,a688b3a4a3d09cad,68,82,5,p
1,1,7dba361dd1e8f991,30,52,5,p
0,1,6ffe8fc954aa91be,49,202,5,p
2,1,a688b3a4a3d09cad,68,137,5,p
2,1,a688b3a4a3d09cad,39,177,5,p
1,1,7dba361dd1e8f991,19,75,5,p
2,1,a688b3a4a3d09cad,2,3,5,p
1,1,7dba361dd1e8f991,52,65,5,p
1,1,7dba361dd1e8f991,57,153,5,p
1,1,7dba361dd1e8f991,95,155,5,p
2,1,a688b3a4a3d09cad,115,151,5,p
1,1,7dba361dd1e8f991,27,33,5,p
1,1,7dba361dd1e8f991,16,39,5,p
2,1,a688b3a4a3d09cad,5,180,5,p
0,1,6ffe8fc954aa91be,38,146,5,p
1,1,7dba361dd1e8f991,9,35,5,p
0,1,6ffe8fc954aa91be,11,24,5,p
1,1,7dba361dd1e8f991,44,54,5,p
1,1,7dba361dd1e8f991,57,200,5,p
1,1,7dba361dd1e8f991,42,57,5,p
0,1,6ffe8fc954aa91be,11,13,5,p
2,1,a688b3a4a3d09cad,4,32,5,p
1,1,7dba361dd1e8f991,152,80,5,p
0,1,6ffe8fc954aa91be,109,14,5,p
1,1,7dba361dd1e8f991,25,138,5,a
1,1,7dba361dd1e8f991,100,157,5,a
2,1,a688b3a4a3d09cad,126,184,5,a
0,1,6ffe8fc954aa91be,38,41,5,a
1,1,7dba361dd1e8f991,155,95,5,a
1,1,7dba361dd1e8f991,23,56,5,a
2,1,a688b3a4a3d09cad,177,42,5,a
1,1,7dba361dd1e8f991,63,201,5,a
1,1,7dba361dd1e8f991,111,76,5,a
1,1,7dba361dd1e8f991,142,127,5,a
1,1,7dba361dd1e8f991,54,112,5,a
0,1,6ffe8fc954aa91be,17,90,5,a
0,1,6ffe8fc954aa91be,136,52,5,a
1,1,7dba361dd1e8f991,125,34,5,a
1,1,7dba361dd1e8f991,12,109,5,a
1,1,7dba361dd1e8f991,145,116,5,a
0,1,6ffe8fc954aa91be,110,173,5,a
1,1,7dba361dd1e8f991,62,189,5,a
0,1,6ffe8fc954aa91be,41,38,5,a
1,1,7dba361dd1e8f991,76,111,5,a
0,1,6ffe8fc954aa91be,175,45,5,a
1,1,7dba361dd1e8f991,33,18,5,a
1,1,7dba361dd1e8f991,75,41,5,a
0,1,6ffe8fc954aa91be,24,135,5,a
1,1,7dba361dd1e8f991,198,180,5,a
1,1,7dba361dd1e8f991,51,20,5,a
1,1,7dba361dd1e8f991,95,57,5,a
1,1,7dba361dd1e8f991,153,57,5,a
0,1,6ffe8fc954aa91be,202,161,5,a
1,1,7dba361dd1e8f991,27,145,5,a
2,1,a688b3a4a3d09cad,182,55,5,a
2,1,a688b3a4a3d09cad,151,188,5,a
1,1,7dba361dd1e8f991,77,178,5,a
0,1,6ffe8fc954aa91be,66,188,5,a
0,1,6ffe8fc954aa91be,28,122,5,a
1,1,7dba361dd1e8f991,109,14,5,a
1,1,7dba361dd1e8f991,132,163,5,a
1,1,7dba361dd1e8f991,161,202,5,a
1,1,7dba361dd1e8f991,16,138,5,a
2,1,a688b3a4a3d09cad,32,130,5,a
2,1,a688b3a4a3d09cad,184,35,5,a
0,1,6ffe8fc954aa91be,188,151,5,a
1,1,7dba361dd1e8f991,94,123,5,a
1,1,7dba361dd1e8f991,195,119,5,a
0,1,6ffe8fc954aa91be,197,127,5,a
1,1,7dba361dd1e8f991,31,127,5,a
1,1,7dba361dd1e8f991,156,143,5,a
2,1,a688b3a4a3d09cad,174,39,5,a
1,1,7dba361dd1e8f991,48,165,5,a
1,1,7dba361dd1e8f991,141,136,5,a
0,1,6ffe8fc954aa91be,11,13,5,a
0,1,6ffe8fc954aa91be,72,94,5,a
0,1,6ffe8fc954aa91be,98,159,5,a
0,1,6ffe8fc954aa91be,169,140,5,a
1,1,7dba361dd1e8f991,138,64,5,a
1,1,7dba361dd1e8f991,116,122,5,a
2,1,a688b3a4a3d09cad,137,115,5,a
0,1,6ffe8fc954aa91be,87,39,5,a
0,1,6ffe8fc954aa91be,166,28,5,a
0,1,6ffe8fc954aa91be,146,31,5,a
1,1,7dba361dd1e8f991,30,60,5,a
2,1,a688b3a4a3d09cad,42,181,5,a
1,1,7dba361dd1e8f991,65,52,5,a
1,1,7dba361dd1e8f991,171,180,5,a
1,1,7dba361dd1e8f991,183,161,5,a
2,1,a688b3a4a3d09cad,3,13,5,a
1,1,7dba361dd1e8f991,193,10,5,a
0,1,6ffe8fc954aa91be,135,96,5,a
1,1,7dba361dd1e8f991,43,165,5,a
2,1,a688b3a4a3d09cad,55,182,5,a
0,1,6ffe8fc954aa91be,39,87,5,a
1,1,7dba361dd1e8f991,200,57,5,a
1,1,7dba361dd1e8f991,60,30,5,a
1,1,7dba361dd1e8f991,88,128,5,a
1,1,7dba361dd1e8f991,154,115,5,a
0,1,6ffe8fc954aa91be,173,110,5,a
2,1,a688b3a4a3d09cad,181,42,5,a
1,1,7dba361dd1e8f991,180,80,5,a
1,1,7dba361dd1e8f991,74,9,5,a
2,1,a688b3a4a3d09cad,4,112,5,a
1,1,7dba361dd1e8f991,64,138,5,a
2,1,a688b3a4a3d09cad,5,104,5,a
1,1,7dba361dd1e8f991,14,109,5,a
1,1,7dba361dd1e8f991,97,144,5,a
1,1,7dba361dd1e8f991,163,100,5,a
2,1,a688b3a4a3d09cad,13,3,5,a
1,1,7dba361dd1e8f991,158,33,5,a
1,1,7dba361dd1e8f991,84,9,5,a
2,1,a688b3a4a3d09cad,82,140,5,a
2,1,a688b3a4a3d09cad,104,5,5,a
1,1,7dba361dd1e8f991,149,185,5,a
0,1,6ffe8fc954aa91be,124,14,5,a
0,1,6ffe8fc954aa91be,129,185,5,a
1,1,7dba361dd1e8f991,165,48,5,a
0,1,6ffe8fc954aa91be,159,98,5,a
2,1,a688b3a4a3d09cad,112,4,5,a
1,1,7dba361dd1e8f991,44,54,5,a
0,1,6ffe8fc954aa91be,49,116,5,a
0,1,6ffe8fc954aa91be,196,172,5,a
2,1,a688b3a4a3d09cad,130,22,5,a
1,1,7dba361dd1e8f991,101,63,5,a
2,1,a688b3a4a3d09cad,68,156,5,a
0,1,6ffe8fc954aa91be,172,196,5,a
1,1,7dba361dd1e8f991,18,33,5,a
1,1,7dba361dd1e8f991,143,156,5,a
1,1,7dba361dd1e8f991,189,62,5,a
1,1,7dba361dd1e8f991,123,94,6,p
0,1,6ffe8fc954aa91be,175,103,6,p
1,1,7dba361dd1e8f991,18,172,6,p
1,1,7dba361dd1e8f991,64,147,6,p
1,1,7dba361dd1e8f991,97,144,6,p
0,1,6ffe8fc954aa91be,39,177,6,p
1,1,7dba361dd1e8f991,52,65,6,p
1,1,7dba361dd1e8f991,119,195,6,p
1,1,7dba361dd1e8f991,1,145,6,p
0,1,6ffe8fc954aa91be,39,68,6,p
1,1,7dba361dd1e8f991,37,8,6,p
1,1,7dba361dd1e8f991,109,12,6,p
1,1,7dba361dd1e8f991,16,63,6,p
0,1,6ffe8fc954aa91be,173,169,6,p
2,1,a688b3a4a3d09cad,191,120,6,p
2,1,a688b3a4a3d09cad,184,134,6,p
1,1,7dba361dd1e8f991,33,173,6,p
2,1,a688b3a4a3d09cad,4,32,6,p
1,1,7dba361dd1e8f991,101,26,6,p
0,1,6ffe8fc954aa91be,17,90,6,p
1,1,7dba361dd1e8f991,47,104,6,p
0,1,6ffe8fc954aa91be,0,179,6,p
2,1,a688b3a4a3d09cad,2,160,6,p
1,1,7dba361dd1e8f991,84,53,6,p
1,1,7dba361dd1e8f991,16,138,6,p
2,1,a688b3a4a3d09cad,191,59,6,p
1,1,7dba361dd1e8f991,127,31,6,p
0,1,6ffe8fc954aa91be,0,72,6,p
0,1,6ffe8fc954aa91be,0,112,6,p
0,1,6ffe8fc954aa91be,49,116,6,p
1,1,7dba361dd1e8f991,54,111,6,p
0,1,6ffe8fc954aa91be,17,128,6,p
1,1,7dba361dd1e8f991,16,39,6,p
1,1,7dba361dd1e8f991,8,107,6,p
1,1,7dba361dd1e8f991,26,101,6,p
1,1,7dba361dd1e8f991,44,95,6,p
1,1,7dba361dd1e8f991,34,125,6,p
1,1,7dba361dd1e8f991,20,51,6,p
1,1,7dba361dd1e8f991,54,44,6,p
1,1,7dba361dd1e8f991,6,201,6,p
0,1,6ffe8fc954aa91be,188,66,6,p
1,1,7dba361dd1e8f991,53,113,6,p
1,1,7dba361dd1e8f991,122,167,6,p
0,1,6ffe8fc954aa91be,90,164,6,p
0,1,6ffe8fc954aa91be,11,13,6,p
1,1,7dba361dd1e8f991,10,193,6,p
0,1,6ffe8fc954aa91be,49,202,6,p
2,1,a688b3a4a3d09cad,134,50,6,p
1,1,7dba361dd1e8f991,57,62,6,p
1,1,7dba361dd1e8f991,8,37,6,p
1,1,7dba361dd1e8f991,79,36,6,p
0,1,6ffe8fc954aa91be,68,137,6,p
0,1,6ffe8fc954aa91be,159,98,6,p
1,1,7dba361dd1e8f991,6,22,6,p
1,1,7dba361dd1e8f991,165,43,6,p
0,1,6ffe8fc954aa91be,21,197,6,p
1,1,7dba361dd1e8f991,19,75,6,p
0,1,6ffe8fc954aa91be,17,87,6,p
2,1,a688b3a4a3d09cad,35,182,6,p
2,1,a688b3a4a3d09cad,2,73,6,p
0,1,6ffe8fc954aa91be,124,14,6,p
0,1,6ffe8fc954aa91be,151,76,6,p
1,1,7dba361dd1e8f991,39,135,6,p
1,1,7dba361dd1e8f991,19,60,6,p
1,1,7dba361dd1e8f991,25,183,6,p
1,1,7dba361dd1e8f991,57,200,6,p
2,1,a688b3a4a3d09cad,184,126,6,p
0,1,6ffe8fc954aa91be,13,11,6,p
1,1,7dba361dd1e8f991,200,40,6,p
0,1,6ffe8fc954aa91be,17,69,6,p
1,1,7dba361dd1e8f991,89,132,6,p
1,1,7dba361dd1e8f991,33,27,6,p
0,1,6ffe8fc954aa91be,14,124,6,p
0,1,6ffe8fc954aa91be,112,4,6,p
0,1,6ffe8fc954aa91be,177,119,6,p
0,1,6ffe8fc954aa91be,45,102,6,p
1,1,7dba361dd1e8f991,23,77,6,p
2,1,a688b3a4a3d09cad,126,105,6,p
1,1,7dba361dd1e8f991,52,141,6,p
2,1,a688b3a4a3d09cad,82,108,6,p
1,1,7dba361dd1e8f991,37,54,6,p
0,1,6ffe8fc954aa91be,0,99,6,p
2,1,a688b3a4a3d09cad,2,30,6,p
1,1,7dba361dd1e8f991,57,92,6,p
0,1,6ffe8fc954aa91be,38,41,6,p
1,1,7dba361dd1e8f991,22,46,6,p
0,1,6ffe8fc954aa91be,148,174,6,p
1,1,7dba361dd1e8f991,161,188,6,p
0,1,6ffe8fc954aa91be,11,189,6,p
0,1,6ffe8fc954aa91be,0,15,6,p
1,1,7dba361dd1e8f991,132,170,6,p
2,1,a688b3a4a3d09cad,30,29,6,p
0,1,6ffe8fc954aa91be,69,178,6,p
0,1,6ffe8fc954aa91be,41,110,6,p
1,1,7dba361dd1e8f991,6,74,6,p
1,1,7dba361dd1e8f991,101,48,6,p
0,1,6ffe8fc954aa91be,98,83,6,p
1,1,7dba361dd1e8f991,18,33,6,p
0,1,6ffe8fc954aa91be,41,136,6,p
1,1,7dba361dd1e8f991,65,142,6,p
1,1,7dba361dd1e8f991,127,100,6,p
0,1,6ffe8fc954aa91be,11,24,6,p
1,1,7dba361dd1e8f991,8,154,6,p
0,1,6ffe8fc954aa91be,128,85,6,p
1,1,7dba361dd1e8f991,36,82,6,p
1,1,7dba361dd1e8f991,145,159,6,p
0,1,6ffe8fc954aa91be,116,49,6,p
0,1,6ffe8fc954aa91be,45,133,6,p
1,1,7dba361dd1e8f991,36,67,6,p
1,1,7dba361dd1e8f991,19,97,6,p
2,1,a688b3a4a3d09cad,3,163,6,p
1,1,7dba361dd1e8f991,54,198,6,p
1,1,7dba361dd1e8f991,57,153,6,p
1,1,7dba361dd1e8f991,40,131,6,p
1,1,7dba361dd1e8f991,8,42,6,p
1,1,7dba361dd1e8f991,25,118,6,p
1,1,7dba361dd1e8f991,158,78,6,p
0,1,6ffe8fc954aa91be,136,129,6,p
1,1,7dba361dd1e8f991,19,23,6,p
1,1,7dba361dd1e8f991,6,64,6,p
1,1,7dba361dd1e8f991,122,88,6,p
0,1,6ffe8fc954aa91be,14,109,6,p
1,1,7dba361dd1e8f991,142,171,6,p
0,1,6ffe8fc954aa91be,21,38,6,p
1,1,7dba361dd1e8f991,9,84,6,p
0,1,6ffe8fc954aa91be,202,180,6,p
0,1,6ffe8fc954aa91be,180,5,6,p
1,1,7dba361dd1e8f991,57,71,6,p
1,1,7dba361dd1e8f991,64,143,6,p
2,1,a688b3a4a3d09cad,120,18,6,p
0,1,6ffe8fc954aa91be,98,199,6,p
1,1,7dba361dd1e8f991,23,165,6,p
1,1,7dba361dd1e8f991,118,25,6,p
1,1,7dba361dd1e8f991,42,181,6,p
0,1,6ffe8fc954aa91be,197,130,6,p
1,1,7dba361dd1e8f991,9,122,6,p
1,1,7dba361dd1e8f991,51,150,6,p
0,1,6ffe8fc954aa91be,13,3,6,p
1,1,7dba361dd1e8f991,143,156,6,p
0,1,6ffe8fc954aa91be,96,196,6,p
1,1,7dba361dd1e8f991,27,149,6,p
1,1,7dba361dd1e8f991,39,16,6,p
1,1,7dba361dd1e8f991,95,155,6,p
0,1,6ffe8fc954aa91be,28,166,6,p
0,1,6ffe8fc954aa91be,87,91,6,p
1,1,7dba361dd1e8f991,54,191,6,p
0,1,6ffe8fc954aa91be,3,106,6,p
1,1,7dba361dd1e8f991,78,184,6,p
0,1,6ffe8fc954aa91be,68,55,6,p
1,1,7dba361dd1e8f991,33,158,6,p
0,1,6ffe8fc954aa91be,69,17,6,p
1,1,7dba361dd1e8f991,12,61,6,p
0,1,6ffe8fc954aa91be,45,175,6,p
1,1,7dba361dd1e8f991,39,161,6,p
1,1,7dba361dd1e8f991,51,121,6,p
1,1,7dba361dd1e8f991,122,28,6,p
0,1,6ffe8fc954aa91be,90,114,6,p
0,1,6ffe8fc954aa91be,76,151,6,p
1,1,7dba361dd1e8f991,28,176,6,p
0,1,6ffe8fc954aa91be,38,146,6,p
0,1,6ffe8fc954aa91be,196,194,6,p
1,1,7dba361dd1e8f991,74,9,6,a
0,1,6ffe8fc954aa91be,110,173,6,a
2,1,a688b3a4a3d09cad,108,121,6,a
1,1,7dba361dd1e8f991,125,34,6,a
1,1,7dba361dd1e8f991,28,122,6,a
1,1,7dba361dd1e8f991,191,120,6,a
2,1,a688b3a4a3d09cad,140,82,6,a
1,1,7dba361dd1e8f991,60,30,6,a
1,1,7dba361dd1e8f991,138,64,6,a
1,1,7dba361dd1e8f991,165,48,6,a
1,1,7dba361dd1e8f991,164,90,6,a
1,1,7dba361dd1e8f991,153,57,6,a
1,1,7dba361dd1e8f991,195,119,6,a
2,1,a688b3a4a3d09cad,105,104,6,a
1,1,7dba361dd1e8f991,131,176,6,a
1,1,7dba361dd1e8f991,161,202,6,a
1,1,7dba361dd1e8f991,155,95,6,a
1,1,7dba361dd1e8f991,88,128,6,a
2,1,a688b3a4a3d09cad,32,130,6,a
1,1,7dba361dd1e8f991,100,157,6,a
1,1,7dba361dd1e8f991,23,56,6,a
1,1,7dba361dd1e8f991,111,76,6,a
0,1,6ffe8fc954aa91be,129,185,6,a
0,1,6ffe8fc954aa91be,177,42,6,a
1,1,7dba361dd1e8f991,135,96,6,a
1,1,7dba361dd1e8f991,56,23,6,a
0,1,6ffe8fc954aa91be,11,13,6,a
0,1,6ffe8fc954aa91be,194,19,6,a
1,1,7dba361dd1e8f991,156,143,6,a
1,1,7dba361dd1e8f991,154,115,6,a
1,1,7dba361dd1e8f991,181,42,6,a
2,1,a688b3a4a3d09cad,29,30,6,a
2,1,a688b3a4a3d09cad,82,140,6,a
1,1,7dba361dd1e8f991,34,125,6,a
2,1,a688b3a4a3d09cad,59,191,6,a
0,1,6ffe8fc954aa91be,197,127,6,a
0,1,6ffe8fc954aa91be,189,62,6,a
1,1,7dba361dd1e8f991,30,60,6,a
1,1,7dba361dd1e8f991,149,185,6,a
2,1,a688b3a4a3d09cad,121,158,6,a
2,1,a688b3a4a3d09cad,134,9,6,a
0,1,6ffe8fc954aa91be,106,36,6,a
1,1,7dba361dd1e8f991,176,131,6,a
0,1,6ffe8fc954aa91be,98,159,6,a
0,1,6ffe8fc954aa91be,116,122,6,a
2,1,a688b3a4a3d09cad,182,55,6,a
2,1,a688b3a4a3d09cad,50,134,6,a
1,1,7dba361dd1e8f991,144,97,6,a
0,1,6ffe8fc954aa91be,133,114,6,a
0,1,6ffe8fc954aa91be,17,90,6,a
1,1,7dba361dd1e8f991,71,17,6,a
0,1,6ffe8fc954aa91be,87,39,6,a
0,1,6ffe8fc954aa91be,114,133,6,a
2,1,a688b3a4a3d09cad,160,90,6,a
1,1,7dba361dd1e8f991,95,57,6,a
1,1,7dba361dd1e8f991,26,165,6,a
1,1,7dba361dd1e8f991,141,136,6,a
1,1,7dba361dd1e8f991,67,66,6,a
1,1,7dba361dd1e8f991,12,109,6,a
0,1,6ffe8fc954aa91be,102,45,6,a
1,1,7dba361dd1e8f991,183,161,6,a
1,1,7dba361dd1e8f991,16,138,6,a
0,1,6ffe8fc954aa91be,14,109,6,a
2,1,a688b3a4a3d09cad,90,17,6,a
0,1,6ffe8fc954aa91be,166,28,6,a
1,1,7dba361dd1e8f991,142,127,6,a
1,1,7dba361dd1e8f991,61,92,6,a
1,1,7dba361dd1e8f991,78,184,6,a
1,1,7dba361dd1e8f991,46,180,6,a
1,1,7dba361dd1e8f991,97,144,6,a
0,1,6ffe8fc954aa91be,124,14,6,a
1,1,7dba361dd1e8f991,53,158,6,a
0,1,6ffe8fc954aa91be,122,116,6,a
0,1,6ffe8fc954aa91be,175,45,6,a
1,1,7dba361dd1e8f991,44,54,6,a
1,1,7dba361dd1e8f991,107,128,6,a
1,1,7dba361dd1e8f991,128,95,6,a
1,1,7dba361dd1e8f991,25,138,6,a
0,1,6ffe8fc954aa91be,69,175,6,a
0,1,6ffe8fc954aa91be,36,127,6,a
0,1,6ffe8fc954aa91be,151,188,6,a
1,1,7dba361dd1e8f991,118,172,6,a
2,1,a688b3a4a3d09cad,130,22,6,a
2,1,a688b3a4a3d09cad,22,130,6,a
1,1,7dba361dd1e8f991,119,115,6,a
0,1,6ffe8fc954aa91be,179,115,6,a
0,1,6ffe8fc954aa91be,99,16,6,a
1,1,7dba361dd1e8f991,147,178,6,a
0,1,6ffe8fc954aa91be,178,147,6,a
0,1,6ffe8fc954aa91be,5,104,6,a
0,1,6ffe8fc954aa91be,83,98,6,a
0,1,6ffe8fc954aa91be,72,94,6,a
1,1,7dba361dd1e8f991,92,79,6,a
1,1,7dba361dd1e8f991,113,177,6,a
0,1,6ffe8fc954aa91be,62,189,6,a
0,1,6ffe8fc954aa91be,199,125,6,a
1,1,7dba361dd1e8f991,84,9,6,a
1,1,7dba361dd1e8f991,101,63,6,a
1,1,7dba361dd1e8f991,65,52,6,a
1,1,7dba361dd1e8f991,48,165,6,a
1,1,7dba361dd1e8f991,172,196,6,a
1,1,7dba361dd1e8f991,8,42,6,a
1,1,7dba361dd1e8f991,171,180,6,a
2,1,a688b3a4a3d09cad,91,127,6,a
1,1,7dba361dd1e8f991,201,63,6,a
2,1,a688b3a4a3d09cad,126,184,6,a
1,1,7dba361dd1e8f991,193,10,6,a
2,1,a688b3a4a3d09cad,167,126,6,a
0,1,6ffe8fc954aa91be,103,47,6,a
1,1,7dba361dd1e8f991,170,132,6,a
1,1,7dba361dd1e8f991,37,124,6,a
1,1,7dba361dd1e8f991,150,90,6,a
1,1,7dba361dd1e8f991,54,112,6,a
0,1,6ffe8fc954aa91be,173,110,6,a
1,1,7dba361dd1e8f991,77,178,6,a
0,1,6ffe8fc954aa91be,85,73,6,a
1,1,7dba361dd1e8f991,120,123,6,a
1,1,7dba361dd1e8f991,136,52,6,a
0,1,6ffe8fc954aa91be,73,85,6,a
1,1,7dba361dd1e8f991,145,116,6,a
0,1,6ffe8fc954aa91be,109,14,6,a
2,1,a688b3a4a3d09cad,91,127,7,p
1,1,7dba361dd1e8f991,54,191,7,p
1,1,7dba361dd1e8f991,25,138,7,p
0,1,6ffe8fc954aa91be,47,103,7,p
1,1,7dba361dd1e8f991,79,161,7,p
1,1,7dba361dd1e8f991,42,181,7,p
1,1,7dba361dd1e8f991,84,46,7,p
1,1,7dba361dd1e8f991,54,44,7,p
1,1,7dba361dd1e8f991,101,48,7,p
0,1,6ffe8fc954aa91be,14,109,7,p
0,1,6ffe8fc954aa91be,28,166,7,p
1,1,7dba361dd1e8f991,97,168,7,p
1,1,7dba361dd1e8f991,10,193,7,p
0,1,6ffe8fc954aa91be,115,179,7,p
1,1,7dba361dd1e8f991,37,8,7,p
1,1,7dba361dd1e8f991,9,84,7,p
1,1,7dba361dd1e8f991,3,140,7,p
0,1,6ffe8fc954aa91be,16,99,7,p
1,1,7dba361dd1e8f991,51,121,7,p
1,1,7dba361dd1e8f991,96,82,7,p
0,1,6ffe8fc954aa91be,147,178,7,p
1,1,7dba361dd1e8f991,12,61,7,p
0,1,6ffe8fc954aa91be,197,130,7,p
0,1,6ffe8fc954aa91be,45,133,7,p
0,1,6ffe8fc954aa91be,87,91,7,p
1,1,7dba361dd1e8f991,8,107,7,p
0,1,6ffe8fc954aa91be,125,34,7,p
0,1,6ffe8fc954aa91be,73,85,7,p
0,1,6ffe8fc954aa91be,45,175,7,p
0,1,6ffe8fc954aa91be,98,83,7,p
1,1,7dba361dd1e8f991,121,129,7,p
0,1,6ffe8fc954aa91be,0,108,7,p
0,1,6ffe8fc954aa91be,39,182,7,p
1,1,7dba361dd1e8f991,157,100,7,p
0,1,6ffe8fc954aa91be,104,105,7,p
1,1,7dba361dd1e8f991,118,25,7,p
0,1,6ffe8fc954aa91be,115,151,7,p
1,1,7dba361dd1e8f991,26,101,7,p
0,1,6ffe8fc954aa91be,175,30,7,p
1,1,7dba361dd1e8f991,187,60,7,p
2,1,a688b3a4a3d09cad,2,73,7,p
1,1,7dba361dd1e8f991,52,141,7,p
0,1,6ffe8fc954aa91be,87,17,7,p
0,1,6ffe8fc954aa91be,49,116,7,p
1,1,7dba361dd1e8f991,23,56,7,p
1,1,7dba361dd1e8f991,75,176,7,p
1,1,7dba361dd1e8f991,84,53,7,p
1,1,7dba361dd1e8f991,96,125,7,p
1,1,7dba361dd1e8f991,54,111,7,p
1,1,7dba361dd1e8f991,25,183,7,p
1,1,7dba361dd1e8f991,9,122,7,p
1,1,7dba361dd1e8f991,122,28,7,p
1,1,7dba361dd1e8f991,56,142,7,p
1,1,7dba361dd1e8f991,6,201,7,p
1,1,7dba361dd1e8f991,8,154,7,p
1,1,7dba361dd1e8f991,23,172,7,p
1,1,7dba361dd1e8f991,6,22,7,p
1,1,7dba361dd1e8f991,44,95,7,p
1,1,7dba361dd1e8f991,8,37,7,p
1,1,7dba361dd1e8f991,53,113,7,p
1,1,7dba361dd1e8f991,57,92,7,p
1,1,7dba361dd1e8f991,37,97,7,p
1,1,7dba361dd1e8f991,63,16,7,p
1,1,7dba361dd1e8f991,143,156,7,p
1,1,7dba361dd1e8f991,142,171,7,p
1,1,7dba361dd1e8f991,97,144,7,p
0,1,6ffe8fc954aa91be,14,124,7,p
1,1,7dba361dd1e8f991,64,147,7,p
1,1,7dba361dd1e8f991,52,65,7,p
0,1,6ffe8fc954aa91be,105,126,7,p
1,1,7dba361dd1e8f991,101,26,7,p
1,1,7dba361dd1e8f991,51,150,7,p
0,1,6ffe8fc954aa91be,39,177,7,p
1,1,7dba361dd1e8f991,122,167,7,p
0,1,6ffe8fc954aa91be,4,32,7,p
1,1,7dba361dd1e8f991,8,195,7,p
1,1,7dba361dd1e8f991,25,118,7,p
0,1,6ffe8fc954aa91be,17,128,7,p
0,1,6ffe8fc954aa91be,83,98,7,p
0,1,6ffe8fc954aa91be,179,164,7,p
1,1,7dba361dd1e8f991,67,36,7,p
0,1,6ffe8fc954aa91be,133,114,7,p
1,1,7dba361dd1e8f991,6,74,7,p
1,1,7dba361dd1e8f991,3,162,7,p
2,1,a688b3a4a3d09cad,2,59,7,p
1,1,7dba361dd1e8f991,57,71,7,p
1,1,7dba361dd1e8f991,23,165,7,p
0,1,6ffe8fc954aa91be,17,90,7,p
0,1,6ffe8fc954aa91be,0,157,7,p
1,1,7dba361dd1e8f991,42,23,7,p
1,1,7dba361dd1e8f991,40,186,7,p
0,1,6ffe8fc954aa91be,17,87,7,p
0,1,6ffe8fc954aa91be,104,5,7,p
1,1,7dba361dd1e8f991,122,88,7,p
1,1,7dba361dd1e8f991,36,67,7,p
0,1,6ffe8fc954aa91be,17,69,7,p
1,1,7dba361dd1e8f991,132,170,7,p
0,1,6ffe8fc954aa91be,45,160,7,p
0,1,6ffe8fc954aa91be,98,199,7,p
1,1,7dba361dd1e8f991,3,12,7,p
2,1,a688b3a4a3d09cad,18,120,7,p
0,1,6ffe8fc954aa91be,19,194,7,p
0,1,6ffe8fc954aa91be,21,197,7,p
0,1,6ffe8fc954aa91be,91,50,7,p
0,1,6ffe8fc954aa91be,94,72,7,p
0,1,6ffe8fc954aa91be,34,136,7,p
0,1,6ffe8fc954aa91be,13,11,7,p
1,1,7dba361dd1e8f991,61,102,7,p
0,1,6ffe8fc954aa91be,0,15,7,p
0,1,6ffe8fc954aa91be,11,189,7,p
1,1,7dba361dd1e8f991,121,78,7,p
1,1,7dba361dd1e8f991,95,155,7,p
1,1,7dba361dd1e8f991,23,77,7,p
0,1,6ffe8fc954aa91be,41,110,7,p
1,1,7dba361dd1e8f991,57,153,7,p
1,1,7dba361dd1e8f991,33,173,7,p
1,1,7dba361dd1e8f991,27,149,7,p
1,1,7dba361dd1e8f991,3,106,7,p
1,1,7dba361dd1e8f991,37,54,7,p
1,1,7dba361dd1e8f991,96,135,7,p
1,1,7dba361dd1e8f991,3,145,7,p
0,1,6ffe8fc954aa91be,115,119,7,p
1,1,7dba361dd1e8f991,40,131,7,p
1,1,7dba361dd1e8f991,57,62,7,p
1,1,7dba361dd1e8f991,28,29,7,p
0,1,6ffe8fc954aa91be,99,93,7,p
0,1,6ffe8fc954aa91be,39,14,7,p
0,1,6ffe8fc954aa91be,50,134,7,p
0,1,6ffe8fc954aa91be,117,41,7,a
0,1,6ffe8fc954aa91be,83,98,7,a
2,1,a688b3a4a3d09cad,192,191,7,a
1,1,7dba361dd1e8f991,183,161,7,a
1,1,7dba361dd1e8f991,171,180,7,a
1,1,7dba361dd1e8f991,168,136,7,a
0,1,6ffe8fc954aa91be,14,109,7,a
1,1,7dba361dd1e8f991,46,180,7,a
2,1,a688b3a4a3d09cad,59,191,7,a
1,1,7dba361dd1e8f991,26,165,7,a
1,1,7dba361dd1e8f991,100,157,7,a
1,1,7dba361dd1e8f991,122,116,7,a
1,1,7dba361dd1e8f991,201,63,7,a
1,1,7dba361dd1e8f991,186,30,7,a
1,1,7dba361dd1e8f991,144,97,7,a
1,1,7dba361dd1e8f991,23,56,7,a
1,1,7dba361dd1e8f991,127,31,7,a
1,1,7dba361dd1e8f991,12,109,7,a
0,1,6ffe8fc954aa91be,160,90,7,a
0,1,6ffe8fc954aa91be,93,176,7,a
0,1,6ffe8fc954aa91be,11,13,7,a
1,1,7dba361dd1e8f991,95,57,7,a
1,1,7dba361dd1e8f991,54,112,7,a
1,1,7dba361dd1e8f991,84,9,7,a
1,1,7dba361dd1e8f991,140,82,7,a
0,1,6ffe8fc954aa91be,199,125,7,a
1,1,7dba361dd1e8f991,195,119,7,a
0,1,6ffe8fc954aa91be,69,175,7,a
1,1,7dba361dd1e8f991,181,42,7,a
1,1,7dba361dd1e8f991,147,178,7,a
1,1,7dba361dd1e8f991,60,30,7,a
0,1,6ffe8fc954aa91be,179,115,7,a
1,1,7dba361dd1e8f991,97,144,7,a
1,1,7dba361dd1e8f991,78,184,7,a
1,1,7dba361dd1e8f991,107,128,7,a
0,1,6ffe8fc954aa91be,34,125,7,a
1,1,7dba361dd1e8f991,162,196,7,a
1,1,7dba361dd1e8f991,8,42,7,a
1,1,7dba361dd1e8f991,149,185,7,a
1,1,7dba361dd1e8f991,161,202,7,a
0,1,6ffe8fc954aa91be,133,114,7,a
1,1,7dba361dd1e8f991,141,136,7,a
1,1,7dba361dd1e8f991,172,196,7,a
0,1,6ffe8fc954aa91be,157,100,7,a
1,1,7dba361dd1e8f991,88,128,7,a
0,1,6ffe8fc954aa91be,99,16,7,a
0,1,6ffe8fc954aa91be,72,94,7,a
0,1,6ffe8fc954aa91be,19,23,7,a
1,1,7dba361dd1e8f991,142,127,7,a
1,1,7dba361dd1e8f991,170,132,7,a
1,1,7dba361dd1e8f991,155,95,7,a
1,1,7dba361dd1e8f991,106,36,7,a
1,1,7dba361dd1e8f991,37,124,7,a
0,1,6ffe8fc954aa91be,110,173,7,a
1,1,7dba361dd1e8f991,53,158,7,a
1,1,7dba361dd1e8f991,165,48,7,a
0,1,6ffe8fc954aa91be,189,62,7,a
0,1,6ffe8fc954aa91be,175,45,7,a
1,1,7dba361dd1e8f991,77,178,7,a
1,1,7dba361dd1e8f991,150,90,7,a
1,1,7dba361dd1e8f991,111,76,7,a
1,1,7dba361dd1e8f991,96,82,7,a
1,1,7dba361dd1e8f991,10,202,7,a
0,1,6ffe8fc954aa91be,114,133,7,a
1,1,7dba361dd1e8f991,116,122,7,a
1,1,7dba361dd1e8f991,44,54,7,a
1,1,7dba361dd1e8f991,71,17,7,a
1,1,7dba361dd1e8f991,56,23,7,a
0,1,6ffe8fc954aa91be,5,104,7,a
0,1,6ffe8fc954aa91be,194,19,7,a
1,1,7dba361dd1e8f991,109,14,7,a
1,1,7dba361dd1e8f991,25,138,7,a
1,1,7dba361dd1e8f991,131,176,7,a
1,1,7dba361dd1e8f991,67,66,7,a
1,1,7dba361dd1e8f991,79,161,8,p
0,1,6ffe8fc954aa91be,100,157,8,p
1,1,7dba361dd1e8f991,23,56,8,p
1,1,7dba361dd1e8f991,97,144,8,p
0,1,6ffe8fc954aa91be,125,34,8,p
1,1,7dba361dd1e8f991,8,37,8,p
1,1,7dba361dd1e8f991,17,71,8,p
2,1,a688b3a4a3d09cad,191,59,8,p
1,1,7dba361dd1e8f991,30,186,8,p
1,1,7dba361dd1e8f991,84,53,8,p
0,1,6ffe8fc954aa91be,98,199,8,p
0,1,6ffe8fc954aa91be,39,14,8,p
0,1,6ffe8fc954aa91be,14,109,8,p
0,1,6ffe8fc954aa91be,91,127,8,p
0,1,6ffe8fc954aa91be,62,96,8,p
1,1,7dba361dd1e8f991,23,19,8,p
1,1,7dba361dd1e8f991,3,12,8,p
1,1,7dba361dd1e8f991,17,150,8,p
0,1,6ffe8fc954aa91be,62,192,8,p
1,1,7dba361dd1e8f991,3,162,8,p
0,1,6ffe8fc954aa91be,0,15,8,p
1,1,7dba361dd1e8f991,23,77,8,p
0,1,6ffe8fc954aa91be,45,160,8,p
1,1,7dba361dd1e8f991,56,142,8,p
0,1,6ffe8fc954aa91be,45,175,8,p
1,1,7dba361dd1e8f991,54,111,8,p
1,1,7dba361dd1e8f991,19,97,8,p
1,1,7dba361dd1e8f991,52,141,8,p
1,1,7dba361dd1e8f991,118,25,8,p
0,1,6ffe8fc954aa91be,104,5,8,p
1,1,7dba361dd1e8f991,19,60,8,p
0,1,6ffe8fc954aa91be,133,114,8,p
1,1,7dba361dd1e8f991,95,155,8,p
0,1,6ffe8fc954aa91be,38,117,8,p
1,1,7dba361dd1e8f991,23,172,8,p
1,1,7dba361dd1e8f991,1,100,8,p
1,1,7dba361dd1e8f991,6,201,8,p
1,1,7dba361dd1e8f991,9,122,8,p
1,1,7dba361dd1e8f991,27,149,8,p
1,1,7dba361dd1e8f991,121,78,8,p
1,1,7dba361dd1e8f991,97,168,8,p
1,1,7dba361dd1e8f991,122,88,8,p
1,1,7dba361dd1e8f991,3,106,8,p
0,1,6ffe8fc954aa91be,16,99,8,p
1,1,7dba361dd1e8f991,40,131,8,p
1,1,7dba361dd1e8f991,42,181,8,p
0,1,6ffe8fc954aa91be,13,11,8,p
1,1,7dba361dd1e8f991,64,147,8,p
0,1,6ffe8fc954aa91be,98,83,8,p
0,1,6ffe8fc954aa91be,199,194,8,p
1,1,7dba361dd1e8f991,9,84,8,p
1,1,7dba361dd1e8f991,37,54,8,p
0,1,6ffe8fc954aa91be,94,72,8,p
1,1,7dba361dd1e8f991,23,165,8,p
0,1,6ffe8fc954aa91be,49,116,8,p
1,1,7dba361dd1e8f991,132,170,8,p
1,1,7dba361dd1e8f991,37,8,8,p
2,1,a688b3a4a3d09cad,191,7,8,p
1,1,7dba361dd1e8f991,22,46,8,p
0,1,6ffe8fc954aa91be,68,69,8,p
0,1,6ffe8fc954aa91be,41,110,8,p
0,1,6ffe8fc954aa91be,11,189,8,p
1,1,7dba361dd1e8f991,36,67,8,p
1,1,7dba361dd1e8f991,8,195,8,p
1,1,7dba361dd1e8f991,19,23,8,p
1,1,7dba361dd1e8f991,54,44,8,p
1,1,7dba361dd1e8f991,3,140,8,p
1,1,7dba361dd1e8f991,101,26,8,p
1,1,7dba361dd1e8f991,8,107,8,p
0,1,6ffe8fc954aa91be,99,93,8,p
0,1,6ffe8fc954aa91be,115,179,8,p
1,1,7dba361dd1e8f991,25,183,8,p
1,1,7dba361dd1e8f991,193,10,8,p
1,1,7dba361dd1e8f991,44,95,8,p
0,1,6ffe8fc954aa91be,45,133,8,p
1,1,7dba361dd1e8f991,142,171,8,p
1,1,7dba361dd1e8f991,60,30,8,a
1,1,7dba361dd1e8f991,170,132,8,a
1,1,7dba361dd1e8f991,162,196,8,a
1,1,7dba361dd1e8f991,147,178,8,a
0,1,6ffe8fc954aa91be,99,16,8,a
2,1,a688b3a4a3d09cad,7,191,8,a
1,1,7dba361dd1e8f991,20,148,8,a
0,1,6ffe8fc954aa91be,83,98,8,a
1,1,7dba361dd1e8f991,122,116,8,a
1,1,7dba361dd1e8f991,78,184,8,a
0,1,6ffe8fc954aa91be,194,19,8,a
0,1,6ffe8fc954aa91be,179,115,8,a
1,1,7dba361dd1e8f991,56,23,8,a
1,1,7dba361dd1e8f991,183,161,8,a
0,1,6ffe8fc954aa91be,19,23,8,a
0,1,6ffe8fc954aa91be,45,175,8,a
1,1,7dba361dd1e8f991,144,97,8,a
1,1,7dba361dd1e8f991,168,136,8,a
1,1,7dba361dd1e8f991,187,142,8,a
1,1,7dba361dd1e8f991,71,17,8,a
1,1,7dba361dd1e8f991,46,180,8,a
1,1,7dba361dd1e8f991,10,202,8,a
1,1,7dba361dd1e8f991,8,42,8,a
0,1,6ffe8fc954aa91be,117,41,8,a
1,1,7dba361dd1e8f991,106,36,8,a
0,1,6ffe8fc954aa91be,192,191,8,a
2,1,a688b3a4a3d09cad,86,199,8,a
0,1,6ffe8fc954aa91be,189,62,8,a
1,1,7dba361dd1e8f991,44,54,8,a
1,1,7dba361dd1e8f991,6,64,8,a
1,1,7dba361dd1e8f991,26,165,8,a
1,1,7dba361dd1e8f991,195,119,8,a
1,1,7dba361dd1e8f991,141,136,8,a
0,1,6ffe8fc954aa91be,160,90,8,a
0,1,6ffe8fc954aa91be,157,100,8,a
1,1,7dba361dd1e8f991,142,127,8,a
0,1,6ffe8fc954aa91be,96,82,8,a
0,1,6ffe8fc954aa91be,133,114,8,a
1,1,7dba361dd1e8f991,37,124,8,a
0,1,6ffe8fc954aa91be,93,176,8,a
1,1,7dba361dd1e8f991,88,128,8,a
1,1,7dba361dd1e8f991,74,9,9,p
0,1,6ffe8fc954aa91be,19,194,9,p
1,1,7dba361dd1e8f991,142,56,9,p
1,1,7dba361dd1e8f991,3,106,9,p
1,1,7dba361dd1e8f991,97,168,9,p
1,1,7dba361dd1e8f991,56,142,9,p
0,1,6ffe8fc954aa91be,11,189,9,p
1,1,7dba361dd1e8f991,25,183,9,p
