# Wed Nov 22 11:59:41 2017
#simulation with:
#SEED 1
#N_AGENTS 203
#N_USERS 200
#N_SOURCES 3
#P_a 0.025
#P_s 0.25
#dim 3
#time 1000
#memorySize 1
source,timec,news,ag1,ag2,time,type
0,1,92cd57591b112e15,0,0,1,c
2,1,a3e62486ec1583dc,2,2,1,c
1,1,f7ca39541b55984d,1,1,1,c
2,1,a3e62486ec1583dc,2,165,2,p
0,1,92cd57591b112e15,0,191,2,p
0,1,92cd57591b112e15,0,57,2,p
2,1,a3e62486ec1583dc,2,104,2,p
2,1,a3e62486ec1583dc,2,185,2,p
2,1,a3e62486ec1583dc,2,52,2,p
2,1,a3e62486ec1583dc,2,167,2,p
2,1,a3e62486ec1583dc,2,43,2,p
2,1,a3e62486ec1583dc,165,90,2,p
2,1,a3e62486ec1583dc,2,28,2,p
2,1,a3e62486ec1583dc,2,85,2,p
2,1,a3e62486ec1583dc,185,51,2,p
2,1,a3e62486ec1583dc,2,189,2,p
1,1,f7ca39541b55984d,1,102,2,p
2,1,a3e62486ec1583dc,189,70,2,p
2,1,a3e62486ec1583dc,2,154,2,p
2,1,a3e62486ec1583dc,51,33,2,p
2,1,a3e62486ec1583dc,185,148,2,a
2,1,a3e62486ec1583dc,85,7,2,a
2,1,a3e62486ec1583dc,167,106,2,a
2,1,a3e62486ec1583dc,33,180,2,a
2,1,a3e62486ec1583dc,90,47,2,a
2,1,a3e62486ec1583dc,189,70,2,a
0,1,92cd57591b112e15,191,6,2,a
1,1,f7ca39541b55984d,102,99,2,a
2,1,a3e62486ec1583dc,51,185,2,a
2,1,a3e62486ec1583dc,104,146,2,a
2,1,a3e62486ec1583dc,28,11,2,a
2,1,a3e62486ec1583dc,70,189,2,a
2,1,a3e62486ec1583dc,165,76,2,a
0,1,92cd57591b112e15,57,129,2,a
2,1,a3e62486ec1583dc,52,197,2,a
2,1,a3e62486ec1583dc,43,146,2,a
2,1,a3e62486ec1583dc,154,139,2,a
2,1,a3e62486ec1583dc,7,57,3,p
2,1,a3e62486ec1583dc,106,35,3,p
2,1,a3e62486ec1583dc,139,154,3,p
2,1,a3e62486ec1583dc,47,90,3,p
2,1,a3e62486ec1583dc,33,51,3,p
2,1,a3e62486ec1583dc,51,33,3,p
0,1,92cd57591b112e15,129,104,3,p
2,1,a3e62486ec1583dc,11,185,3,p
2,1,a3e62486ec1583dc,11,28,3,p
1,1,f7ca39541b55984d,99,102,3,p
2,1,a3e62486ec1583dc,70,189,3,p
2,1,a3e62486ec1583dc,47,86,3,p
2,1,a3e62486ec1583dc,197,52,3,p
0,1,92cd57591b112e15,6,43,3,p
2,1,a3e62486ec1583dc,75,70,3,p
0,1,92cd57591b112e15,6,191,3,p
2,1,a3e62486ec1583dc,76,165,3,p
2,1,a3e62486ec1583dc,7,85,3,p
2,1,a3e62486ec1583dc,106,167,3,p
2,1,a3e62486ec1583dc,28,11,3,a
0,1,92cd57591b112e15,43,146,3,a
0,1,92cd57591b112e15,129,57,3,a
2,1,a3e62486ec1583dc,189,70,3,a
2,1,a3e62486ec1583dc,90,47,3,a
2,1,a3e62486ec1583dc,106,167,3,a
1,1,f7ca39541b55984d,102,99,3,a
2,1,a3e62486ec1583dc,85,7,3,a
2,1,a3e62486ec1583dc,154,139,3,a
2,1,a3e62486ec1583dc,33,180,3,a
2,1,a3e62486ec1583dc,165,76,3,a
2,1,a3e62486ec1583dc,52,197,3,a
2,1,a3e62486ec1583dc,51,185,3,a
2,1,a3e62486ec1583dc,154,49,4,p
2,1,a3e62486ec1583dc,33,180,4,p
2,1,a3e62486ec1583dc,7,85,4,p
2,1,a3e62486ec1583dc,47,90,4,p
2,1,a3e62486ec1583dc,76,165,4,p
2,1,a3e62486ec1583dc,51,33,4,p
1,1,f7ca39541b55984d,1,58,4,p
0,1,92cd57591b112e15,6,43,4,p
1,1,f7ca39541b55984d,1,195,4,p
2,1,a3e62486ec1583dc,52,116,4,p
2,1,a3e62486ec1583dc,105,147,4,p
2,1,a3e62486ec1583dc,2,155,4,p
0,1,92cd57591b112e15,0,3,4,p
2,1,a3e62486ec1583dc,167,160,4,p
1,1,f7ca39541b55984d,1,170,4,p
2,1,a3e62486ec1583dc,49,176,4,p
2,1,a3e62486ec1583dc,49,46,4,p
2,1,a3e62486ec1583dc,2,25,4,p
2,1,a3e62486ec1583dc,106,144,4,p
2,1,a3e62486ec1583dc,90,114,4,p
1,1,f7ca39541b55984d,1,30,4,p
2,1,a3e62486ec1583dc,11,28,4,p
0,1,92cd57591b112e15,104,31,4,p
1,1,f7ca39541b55984d,58,173,4,p
2,1,a3e62486ec1583dc,70,75,4,p
2,1,a3e62486ec1583dc,11,61,4,p
2,1,a3e62486ec1583dc,139,158,4,p
2,1,a3e62486ec1583dc,167,198,4,p
0,1,92cd57591b112e15,0,148,4,p
2,1,a3e62486ec1583dc,33,51,4,p
1,1,f7ca39541b55984d,1,22,4,p
2,1,a3e62486ec1583dc,35,106,4,p
2,1,a3e62486ec1583dc,85,151,4,p
2,1,a3e62486ec1583dc,49,112,4,p
1,1,f7ca39541b55984d,173,142,4,p
2,1,a3e62486ec1583dc,28,11,4,p
1,1,f7ca39541b55984d,170,12,4,p
1,1,f7ca39541b55984d,22,20,4,p
2,1,a3e62486ec1583dc,116,52,4,p
2,1,a3e62486ec1583dc,2,18,4,p
1,1,f7ca39541b55984d,99,102,4,p
1,1,f7ca39541b55984d,1,150,4,p
2,1,a3e62486ec1583dc,49,154,4,p
0,1,92cd57591b112e15,148,188,4,p
1,1,f7ca39541b55984d,1,14,4,p
2,1,a3e62486ec1583dc,46,200,4,p
1,1,f7ca39541b55984d,99,182,4,p
0,1,92cd57591b112e15,57,129,4,p
0,1,92cd57591b112e15,3,93,4,p
1,1,f7ca39541b55984d,20,189,4,p
0,1,92cd57591b112e15,0,172,4,p
2,1,a3e62486ec1583dc,116,53,4,a
2,1,a3e62486ec1583dc,158,139,4,a
0,1,92cd57591b112e15,172,24,4,a
0,1,92cd57591b112e15,24,172,4,a
2,1,a3e62486ec1583dc,75,179,4,a
2,1,a3e62486ec1583dc,151,86,4,a
2,1,a3e62486ec1583dc,25,123,4,a
2,1,a3e62486ec1583dc,114,103,4,a
1,1,f7ca39541b55984d,142,78,4,a
2,1,a3e62486ec1583dc,180,112,4,a
2,1,a3e62486ec1583dc,139,158,4,a
0,1,92cd57591b112e15,146,104,4,a
2,1,a3e62486ec1583dc,11,72,4,a
2,1,a3e62486ec1583dc,106,167,4,a
1,1,f7ca39541b55984d,12,137,4,a
1,1,f7ca39541b55984d,58,173,4,a
2,1,a3e62486ec1583dc,154,139,4,a
2,1,a3e62486ec1583dc,112,180,4,a
0,1,92cd57591b112e15,31,104,4,a
2,1,a3e62486ec1583dc,200,149,4,a
2,1,a3e62486ec1583dc,198,200,4,a
2,1,a3e62486ec1583dc,53,116,4,a
2,1,a3e62486ec1583dc,144,152,4,a
0,1,92cd57591b112e15,148,185,4,a
0,1,92cd57591b112e15,129,57,4,a
1,1,f7ca39541b55984d,20,56,4,a
2,1,a3e62486ec1583dc,176,29,4,a
2,1,a3e62486ec1583dc,152,144,4,a
2,1,a3e62486ec1583dc,49,46,4,a
1,1,f7ca39541b55984d,173,25,4,a
1,1,f7ca39541b55984d,30,186,4,a
0,1,92cd57591b112e15,3,33,4,a
1,1,f7ca39541b55984d,182,25,4,a
1,1,f7ca39541b55984d,14,55,4,a
0,1,92cd57591b112e15,93,156,4,a
2,1,a3e62486ec1583dc,160,135,4,a
2,1,a3e62486ec1583dc,51,185,4,a
1,1,f7ca39541b55984d,170,39,4,a
2,1,a3e62486ec1583dc,52,197,4,a
1,1,f7ca39541b55984d,195,164,4,a
2,1,a3e62486ec1583dc,46,49,4,a
1,1,f7ca39541b55984d,150,38,4,a
2,1,a3e62486ec1583dc,155,22,4,a
2,1,a3e62486ec1583dc,61,163,4,a
0,1,92cd57591b112e15,188,92,4,a
2,1,a3e62486ec1583dc,147,140,4,a
2,1,a3e62486ec1583dc,22,155,4,a
1,1,f7ca39541b55984d,25,182,5,p
1,1,f7ca39541b55984d,30,186,5,p
1,1,f7ca39541b55984d,14,69,5,p
1,1,f7ca39541b55984d,1,178,5,p
1,1,f7ca39541b55984d,14,112,5,p
2,1,a3e62486ec1583dc,149,168,5,p
2,1,a3e62486ec1583dc,7,60,5,p
1,1,f7ca39541b55984d,25,120,5,p
2,1,a3e62486ec1583dc,86,53,5,p
0,1,92cd57591b112e15,156,142,5,p
2,1,a3e62486ec1583dc,185,136,5,p
1,1,f7ca39541b55984d,38,151,5,p
1,1,f7ca39541b55984d,112,144,5,p
2,1,a3e62486ec1583dc,2,169,5,p
1,1,f7ca39541b55984d,1,50,5,p
2,1,a3e62486ec1583dc,28,11,5,p
2,1,a3e62486ec1583dc,85,29,5,p
0,1,92cd57591b112e15,93,156,5,p
1,1,f7ca39541b55984d,55,12,5,p
1,1,f7ca39541b55984d,20,109,5,p
0,1,92cd57591b112e15,6,66,5,p
2,1,a3e62486ec1583dc,11,201,5,p
0,1,92cd57591b112e15,156,150,5,p
2,1,a3e62486ec1583dc,70,75,5,p
1,1,f7ca39541b55984d,137,199,5,p
0,1,92cd57591b112e15,188,148,5,p
2,1,a3e62486ec1583dc,180,21,5,p
1,1,f7ca39541b55984d,1,190,5,p
0,1,92cd57591b112e15,3,93,5,p
2,1,a3e62486ec1583dc,75,62,5,p
2,1,a3e62486ec1583dc,46,49,5,p
1,1,f7ca39541b55984d,120,5,5,p
1,1,f7ca39541b55984d,30,44,5,p
1,1,f7ca39541b55984d,55,58,5,p
2,1,a3e62486ec1583dc,116,52,5,p
1,1,f7ca39541b55984d,1,79,5,p
1,1,f7ca39541b55984d,112,175,5,p
2,1,a3e62486ec1583dc,28,10,5,p
1,1,f7ca39541b55984d,55,14,5,p
0,1,92cd57591b112e15,0,99,5,p
2,1,a3e62486ec1583dc,28,143,5,p
0,1,92cd57591b112e15,156,147,5,p
2,1,a3e62486ec1583dc,37,41,5,p
0,1,92cd57591b112e15,93,22,5,p
1,1,f7ca39541b55984d,164,195,5,p
1,1,f7ca39541b55984d,1,4,5,p
2,1,a3e62486ec1583dc,21,36,5,p
1,1,f7ca39541b55984d,25,173,5,p
1,1,f7ca39541b55984d,144,152,5,p
0,1,92cd57591b112e15,0,68,5,p
2,1,a3e62486ec1583dc,143,81,5,p
2,1,a3e62486ec1583dc,149,23,5,p
1,1,f7ca39541b55984d,39,158,5,p
1,1,f7ca39541b55984d,1,7,5,p
2,1,a3e62486ec1583dc,75,179,5,p
1,1,f7ca39541b55984d,7,113,5,p
2,1,a3e62486ec1583dc,60,123,5,p
0,1,92cd57591b112e15,104,31,5,p
1,1,f7ca39541b55984d,144,101,5,p
1,1,f7ca39541b55984d,30,83,5,p
2,1,a3e62486ec1583dc,2,127,5,p
1,1,f7ca39541b55984d,55,71,5,p
2,1,a3e62486ec1583dc,10,200,5,p
1,1,f7ca39541b55984d,137,106,5,p
1,1,f7ca39541b55984d,178,51,5,p
2,1,a3e62486ec1583dc,49,46,5,p
1,1,f7ca39541b55984d,12,170,5,p
2,1,a3e62486ec1583dc,180,15,5,p
0,1,92cd57591b112e15,68,128,5,p
1,1,f7ca39541b55984d,39,40,5,p
1,1,f7ca39541b55984d,79,146,5,p
1,1,f7ca39541b55984d,44,181,5,p
2,1,a3e62486ec1583dc,11,61,5,p
2,1,a3e62486ec1583dc,114,155,5,p
0,1,92cd57591b112e15,33,3,5,p
2,1,a3e62486ec1583dc,139,89,5,p
1,1,f7ca39541b55984d,113,176,5,p
1,1,f7ca39541b55984d,14,13,5,p
0,1,92cd57591b112e15,0,118,5,p
0,1,92cd57591b112e15,99,9,5,p
1,1,f7ca39541b55984d,14,160,5,p
1,1,f7ca39541b55984d,112,180,5,p
2,1,a3e62486ec1583dc,105,103,5,p
2,1,a3e62486ec1583dc,10,98,5,p
0,1,92cd57591b112e15,93,8,5,p
1,1,f7ca39541b55984d,5,100,5,p
2,1,a3e62486ec1583dc,52,116,5,p
1,1,f7ca39541b55984d,152,117,5,p
2,1,a3e62486ec1583dc,90,114,5,p
1,1,f7ca39541b55984d,30,20,5,p
0,1,92cd57591b112e15,66,126,5,p
2,1,a3e62486ec1583dc,53,56,5,p
2,1,a3e62486ec1583dc,167,198,5,p
2,1,a3e62486ec1583dc,103,129,5,p
2,1,a3e62486ec1583dc,36,196,5,p
1,1,f7ca39541b55984d,137,47,5,p
0,1,92cd57591b112e15,172,24,5,p
2,1,a3e62486ec1583dc,36,94,5,p
2,1,a3e62486ec1583dc,2,18,5,p
2,1,a3e62486ec1583dc,37,139,5,p
0,1,92cd57591b112e15,24,172,5,p
1,1,f7ca39541b55984d,20,30,5,p
2,1,a3e62486ec1583dc,94,188,5,p
2,1,a3e62486ec1583dc,29,25,5,p
2,1,a3e62486ec1583dc,49,154,5,p
1,1,f7ca39541b55984d,4,174,5,p
2,1,a3e62486ec1583dc,114,103,5,a
1,1,f7ca39541b55984d,78,54,5,a
2,1,a3e62486ec1583dc,60,8,5,a
1,1,f7ca39541b55984d,58,173,5,a
2,1,a3e62486ec1583dc,62,167,5,a
2,1,a3e62486ec1583dc,127,145,5,a
2,1,a3e62486ec1583dc,105,12,5,a
1,1,f7ca39541b55984d,182,25,5,a
1,1,f7ca39541b55984d,190,104,5,a
2,1,a3e62486ec1583dc,201,104,5,a
2,1,a3e62486ec1583dc,139,158,5,a
1,1,f7ca39541b55984d,13,153,5,a
2,1,a3e62486ec1583dc,103,114,5,a
1,1,f7ca39541b55984d,50,8,5,a
2,1,a3e62486ec1583dc,21,36,5,a
1,1,f7ca39541b55984d,71,55,5,a
0,1,92cd57591b112e15,128,46,5,a
1,1,f7ca39541b55984d,83,30,5,a
1,1,f7ca39541b55984d,101,162,5,a
1,1,f7ca39541b55984d,100,5,5,a
1,1,f7ca39541b55984d,47,90,5,a
1,1,f7ca39541b55984d,117,132,5,a
1,1,f7ca39541b55984d,173,25,5,a
1,1,f7ca39541b55984d,40,39,5,a
2,1,a3e62486ec1583dc,49,46,5,a
2,1,a3e62486ec1583dc,179,75,5,a
2,1,a3e62486ec1583dc,10,200,5,a
2,1,a3e62486ec1583dc,123,25,5,a
1,1,f7ca39541b55984d,20,56,5,a
0,1,92cd57591b112e15,118,46,5,a
0,1,92cd57591b112e15,126,91,5,a
2,1,a3e62486ec1583dc,136,137,5,a
2,1,a3e62486ec1583dc,25,123,5,a
2,1,a3e62486ec1583dc,41,181,5,a
1,1,f7ca39541b55984d,178,103,5,a
1,1,f7ca39541b55984d,44,181,5,a
2,1,a3e62486ec1583dc,11,72,5,a
1,1,f7ca39541b55984d,30,186,5,a
0,1,92cd57591b112e15,31,104,5,a
2,1,a3e62486ec1583dc,143,81,5,a
1,1,f7ca39541b55984d,8,60,5,a
1,1,f7ca39541b55984d,56,20,5,a
1,1,f7ca39541b55984d,113,7,5,a
2,1,a3e62486ec1583dc,89,163,5,a
1,1,f7ca39541b55984d,79,146,5,a
1,1,f7ca39541b55984d,180,112,5,a
0,1,92cd57591b112e15,150,38,5,a
2,1,a3e62486ec1583dc,200,149,5,a
1,1,f7ca39541b55984d,120,25,5,a
2,1,a3e62486ec1583dc,29,138,5,a
2,1,a3e62486ec1583dc,12,137,5,a
1,1,f7ca39541b55984d,109,157,5,a
2,1,a3e62486ec1583dc,158,139,5,a
1,1,f7ca39541b55984d,175,112,5,a
2,1,a3e62486ec1583dc,168,171,5,a
2,1,a3e62486ec1583dc,75,179,5,a
2,1,a3e62486ec1583dc,81,77,5,a
0,1,92cd57591b112e15,68,67,5,a
1,1,f7ca39541b55984d,181,44,5,a
1,1,f7ca39541b55984d,7,113,5,a
2,1,a3e62486ec1583dc,169,187,5,a
1,1,f7ca39541b55984d,170,39,5,a
2,1,a3e62486ec1583dc,116,53,5,a
0,1,92cd57591b112e15,66,6,5,a
0,1,92cd57591b112e15,156,93,5,a
2,1,a3e62486ec1583dc,52,197,5,a
0,1,92cd57591b112e15,99,55,5,a
2,1,a3e62486ec1583dc,15,147,5,a
1,1,f7ca39541b55984d,146,104,5,a
0,1,92cd57591b112e15,172,24,5,a
2,1,a3e62486ec1583dc,72,183,5,a
1,1,f7ca39541b55984d,199,186,5,a
2,1,a3e62486ec1583dc,198,200,5,a
1,1,f7ca39541b55984d,152,144,5,a
1,1,f7ca39541b55984d,4,11,5,a
2,1,a3e62486ec1583dc,98,81,5,a
1,1,f7ca39541b55984d,5,171,5,a
2,1,a3e62486ec1583dc,196,36,5,a
0,1,92cd57591b112e15,9,99,5,a
1,1,f7ca39541b55984d,55,99,5,a
2,1,a3e62486ec1583dc,183,72,5,a
1,1,f7ca39541b55984d,174,176,5,a
1,1,f7ca39541b55984d,69,76,5,a
2,1,a3e62486ec1583dc,53,116,5,a
0,1,92cd57591b112e15,91,126,5,a
1,1,f7ca39541b55984d,195,164,5,a
2,1,a3e62486ec1583dc,155,22,5,a
2,1,a3e62486ec1583dc,147,140,5,a
0,1,92cd57591b112e15,92,188,5,a
1,1,f7ca39541b55984d,186,30,5,a
0,1,92cd57591b112e15,24,172,5,a
1,1,f7ca39541b55984d,144,152,5,a
2,1,a3e62486ec1583dc,145,76,5,a
1,1,f7ca39541b55984d,30,44,6,p
1,1,f7ca39541b55984d,20,109,6,p
1,1,f7ca39541b55984d,20,30,6,p
0,1,92cd57591b112e15,33,125,6,p
2,1,a3e62486ec1583dc,37,140,6,p
2,1,a3e62486ec1583dc,12,137,6,p
1,1,f7ca39541b55984d,40,131,6,p
1,1,f7ca39541b55984d,55,58,6,p
2,1,a3e62486ec1583dc,167,198,6,p
1,1,f7ca39541b55984d,13,62,6,p
2,1,a3e62486ec1583dc,86,53,6,p
1,1,f7ca39541b55984d,181,41,6,p
1,1,f7ca39541b55984d,5,120,6,p
1,1,f7ca39541b55984d,162,119,6,p
1,1,f7ca39541b55984d,13,31,6,p
2,1,a3e62486ec1583dc,155,42,6,p
0,1,92cd57591b112e15,0,54,6,p
2,1,a3e62486ec1583dc,36,196,6,p
1,1,f7ca39541b55984d,104,190,6,p
2,1,a3e62486ec1583dc,154,73,6,p
2,1,a3e62486ec1583dc,145,127,6,p
2,1,a3e62486ec1583dc,105,103,6,p
1,1,f7ca39541b55984d,7,113,6,p
1,1,f7ca39541b55984d,144,101,6,p
1,1,f7ca39541b55984d,30,20,6,p
0,1,92cd57591b112e15,0,122,6,p
1,1,f7ca39541b55984d,119,168,6,p
0,1,92cd57591b112e15,24,172,6,p
0,1,92cd57591b112e15,99,9,6,p
2,1,a3e62486ec1583dc,52,48,6,p
1,1,f7ca39541b55984d,14,13,6,p
2,1,a3e62486ec1583dc,129,194,6,p
2,1,a3e62486ec1583dc,12,170,6,p
0,1,92cd57591b112e15,0,159,6,p
1,1,f7ca39541b55984d,44,178,6,p
1,1,f7ca39541b55984d,119,32,6,p
0,1,92cd57591b112e15,67,68,6,p
1,1,f7ca39541b55984d,4,174,6,p
2,1,a3e62486ec1583dc,2,18,6,p
1,1,f7ca39541b55984d,199,124,6,p
2,1,a3e62486ec1583dc,52,197,6,p
2,1,a3e62486ec1583dc,15,157,6,p
1,1,f7ca39541b55984d,31,26,6,p
0,1,92cd57591b112e15,38,138,6,p
0,1,92cd57591b112e15,9,118,6,p
0,1,92cd57591b112e15,99,55,6,p
2,1,a3e62486ec1583dc,145,76,6,p
1,1,f7ca39541b55984d,60,144,6,p
2,1,a3e62486ec1583dc,53,56,6,p
1,1,f7ca39541b55984d,132,161,6,p
1,1,f7ca39541b55984d,25,123,6,p
0,1,92cd57591b112e15,125,183,6,p
1,1,f7ca39541b55984d,5,107,6,p
1,1,f7ca39541b55984d,11,72,6,p
1,1,f7ca39541b55984d,117,152,6,p
0,1,92cd57591b112e15,66,126,6,p
1,1,f7ca39541b55984d,41,181,6,p
1,1,f7ca39541b55984d,100,5,6,p
1,1,f7ca39541b55984d,25,173,6,p
2,1,a3e62486ec1583dc,194,115,6,p
1,1,f7ca39541b55984d,8,50,6,p
1,1,f7ca39541b55984d,132,117,6,p
2,1,a3e62486ec1583dc,56,63,6,p
1,1,f7ca39541b55984d,13,105,6,p
1,1,f7ca39541b55984d,112,175,6,p
1,1,f7ca39541b55984d,60,7,6,p
0,1,92cd57591b112e15,68,67,6,p
1,1,f7ca39541b55984d,32,195,6,p
2,1,a3e62486ec1583dc,10,200,6,p
1,1,f7ca39541b55984d,113,135,6,p
1,1,f7ca39541b55984d,62,180,6,p
1,1,f7ca39541b55984d,90,47,6,p
1,1,f7ca39541b55984d,31,192,6,p
2,1,a3e62486ec1583dc,29,132,6,p
1,1,f7ca39541b55984d,26,45,6,p
2,1,a3e62486ec1583dc,187,17,6,p
1,1,f7ca39541b55984d,30,83,6,p
1,1,f7ca39541b55984d,176,164,6,p
2,1,a3e62486ec1583dc,28,143,6,p
0,1,92cd57591b112e15,9,99,6,p
0,1,92cd57591b112e15,93,111,6,p
1,1,f7ca39541b55984d,112,121,6,p
0,1,92cd57591b112e15,91,92,6,p
1,1,f7ca39541b55984d,62,75,6,p
0,1,92cd57591b112e15,54,78,6,p
1,1,f7ca39541b55984d,11,201,6,p
2,1,a3e62486ec1583dc,28,10,6,p
0,1,92cd57591b112e15,57,141,6,p
2,1,a3e62486ec1583dc,137,136,6,p
0,1,92cd57591b112e15,0,130,6,p
1,1,f7ca39541b55984d,8,91,6,p
2,1,a3e62486ec1583dc,10,98,6,p
2,1,a3e62486ec1583dc,12,21,6,p
1,1,f7ca39541b55984d,39,40,6,p
1,1,f7ca39541b55984d,5,100,6,p
2,1,a3e62486ec1583dc,81,77,6,p
1,1,f7ca39541b55984d,14,69,6,p
0,1,92cd57591b112e15,38,150,6,p
1,1,f7ca39541b55984d,51,199,6,p
2,1,a3e62486ec1583dc,17,64,6,p
0,1,92cd57591b112e15,33,84,6,p
2,1,a3e62486ec1583dc,89,108,6,p
1,1,f7ca39541b55984d,105,12,6,p
1,1,f7ca39541b55984d,40,39,6,p
2,1,a3e62486ec1583dc,63,97,6,p
1,1,f7ca39541b55984d,5,171,6,p
1,1,f7ca39541b55984d,13,134,6,p
0,1,92cd57591b112e15,38,202,6,p
1,1,f7ca39541b55984d,71,88,6,p
1,1,f7ca39541b55984d,1,166,6,p
2,1,a3e62486ec1583dc,77,81,6,p
2,1,a3e62486ec1583dc,42,179,6,p
0,1,92cd57591b112e15,38,8,6,p
2,1,a3e62486ec1583dc,29,25,6,p
0,1,92cd57591b112e15,8,147,6,p
2,1,a3e62486ec1583dc,23,149,6,p
1,1,f7ca39541b55984d,162,65,6,p
0,1,92cd57591b112e15,8,60,6,p
1,1,f7ca39541b55984d,171,89,6,p
1,1,f7ca39541b55984d,32,80,6,p
1,1,f7ca39541b55984d,30,186,6,p
2,1,a3e62486ec1583dc,56,114,6,p
2,1,a3e62486ec1583dc,22,155,6,p
1,1,f7ca39541b55984d,79,146,6,p
0,1,92cd57591b112e15,24,74,6,p
2,1,a3e62486ec1583dc,63,169,6,p
0,1,92cd57591b112e15,46,128,6,p
1,1,f7ca39541b55984d,39,158,6,p
1,1,f7ca39541b55984d,146,79,6,p
0,1,92cd57591b112e15,99,182,6,p
1,1,f7ca39541b55984d,171,15,6,p
0,1,92cd57591b112e15,6,66,6,p
0,1,92cd57591b112e15,147,153,6,p
0,1,92cd57591b112e15,93,156,6,p
1,1,f7ca39541b55984d,65,162,6,p
2,1,a3e62486ec1583dc,48,52,6,p
0,1,92cd57591b112e15,74,24,6,p
2,1,a3e62486ec1583dc,81,38,6,p
2,1,a3e62486ec1583dc,38,145,6,p
1,1,f7ca39541b55984d,30,96,6,p
2,1,a3e62486ec1583dc,37,139,6,p
0,1,92cd57591b112e15,0,95,6,p
1,1,f7ca39541b55984d,4,11,6,p
0,1,92cd57591b112e15,55,71,6,p
1,1,f7ca39541b55984d,72,116,6,p
2,1,a3e62486ec1583dc,154,49,6,p
0,1,92cd57591b112e15,130,16,6,p
2,1,a3e62486ec1583dc,25,29,6,p
1,1,f7ca39541b55984d,11,4,6,p
2,1,a3e62486ec1583dc,103,114,6,a
1,1,f7ca39541b55984d,65,162,6,a
1,1,f7ca39541b55984d,79,146,6,a
0,1,92cd57591b112e15,141,180,6,a
0,1,92cd57591b112e15,153,13,6,a
0,1,92cd57591b112e15,84,67,6,a
2,1,a3e62486ec1583dc,198,200,6,a
1,1,f7ca39541b55984d,32,76,6,a
2,1,a3e62486ec1583dc,73,154,6,a
0,1,92cd57591b112e15,128,46,6,a
0,1,92cd57591b112e15,125,190,6,a
0,1,92cd57591b112e15,95,132,6,a
2,1,a3e62486ec1583dc,115,196,6,a
0,1,92cd57591b112e15,74,24,6,a
2,1,a3e62486ec1583dc,149,200,6,a
1,1,f7ca39541b55984d,4,11,6,a
2,1,a3e62486ec1583dc,179,75,6,a
2,1,a3e62486ec1583dc,108,113,6,a
0,1,92cd57591b112e15,16,38,6,a
1,1,f7ca39541b55984d,11,72,6,a
0,1,92cd57591b112e15,130,34,6,a
1,1,f7ca39541b55984d,131,160,6,a
1,1,f7ca39541b55984d,15,147,6,a
0,1,92cd57591b112e15,156,93,6,a
1,1,f7ca39541b55984d,117,132,6,a
2,1,a3e62486ec1583dc,145,76,6,a
1,1,f7ca39541b55984d,192,161,6,a
1,1,f7ca39541b55984d,146,104,6,a
0,1,92cd57591b112e15,66,6,6,a
2,1,a3e62486ec1583dc,37,140,6,a
1,1,f7ca39541b55984d,201,104,6,a
0,1,92cd57591b112e15,202,192,6,a
0,1,92cd57591b112e15,68,67,6,a
2,1,a3e62486ec1583dc,76,32,6,a
1,1,f7ca39541b55984d,195,164,6,a
1,1,f7ca39541b55984d,88,183,6,a
1,1,f7ca39541b55984d,101,162,6,a
1,1,f7ca39541b55984d,91,126,6,a
1,1,f7ca39541b55984d,80,32,6,a
0,1,92cd57591b112e15,92,188,6,a
1,1,f7ca39541b55984d,72,183,6,a
1,1,f7ca39541b55984d,105,12,6,a
1,1,f7ca39541b55984d,39,170,6,a
1,1,f7ca39541b55984d,5,171,6,a
1,1,f7ca39541b55984d,152,144,6,a
1,1,f7ca39541b55984d,69,76,6,a
0,1,92cd57591b112e15,159,53,6,a
1,1,f7ca39541b55984d,199,186,6,a
1,1,f7ca39541b55984d,30,186,6,a
2,1,a3e62486ec1583dc,163,89,6,a
1,1,f7ca39541b55984d,107,5,6,a
1,1,f7ca39541b55984d,178,103,6,a
2,1,a3e62486ec1583dc,127,145,6,a
0,1,92cd57591b112e15,122,8,6,a
0,1,92cd57591b112e15,118,46,6,a
1,1,f7ca39541b55984d,144,152,6,a
1,1,f7ca39541b55984d,175,112,6,a
0,1,92cd57591b112e15,38,16,6,a
0,1,92cd57591b112e15,53,116,6,a
0,1,92cd57591b112e15,180,112,6,a
1,1,f7ca39541b55984d,132,95,6,a
1,1,f7ca39541b55984d,96,193,6,a
1,1,f7ca39541b55984d,7,113,6,a
1,1,f7ca39541b55984d,109,157,6,a
1,1,f7ca39541b55984d,135,160,6,a
1,1,f7ca39541b55984d,50,8,6,a
1,1,f7ca39541b55984d,166,68,6,a
1,1,f7ca39541b55984d,162,65,6,a
2,1,a3e62486ec1583dc,48,93,6,a
2,1,a3e62486ec1583dc,64,130,6,a
1,1,f7ca39541b55984d,58,173,6,a
0,1,92cd57591b112e15,190,104,6,a
2,1,a3e62486ec1583dc,196,36,6,a
0,1,92cd57591b112e15,71,55,6,a
2,1,a3e62486ec1583dc,139,158,6,a
0,1,92cd57591b112e15,55,99,6,a
2,1,a3e62486ec1583dc,77,81,6,a
1,1,f7ca39541b55984d,174,176,6,a
1,1,f7ca39541b55984d,26,69,6,a
0,1,92cd57591b112e15,9,99,6,a
0,1,92cd57591b112e15,138,29,6,a
2,1,a3e62486ec1583dc,169,187,6,a
1,1,f7ca39541b55984d,44,181,6,a
0,1,92cd57591b112e15,13,153,6,a
1,1,f7ca39541b55984d,186,30,6,a
2,1,a3e62486ec1583dc,63,169,6,a
1,1,f7ca39541b55984d,121,127,6,a
0,1,92cd57591b112e15,59,91,6,a
2,1,a3e62486ec1583dc,21,36,6,a
2,1,a3e62486ec1583dc,197,34,6,a
1,1,f7ca39541b55984d,124,199,6,a
0,1,92cd57591b112e15,111,137,6,a
0,1,92cd57591b112e15,54,78,6,a
1,1,f7ca39541b55984d,123,25,6,a
2,1,a3e62486ec1583dc,140,147,6,a
0,1,92cd57591b112e15,78,54,6,a
1,1,f7ca39541b55984d,171,5,6,a
1,1,f7ca39541b55984d,168,171,6,a
2,1,a3e62486ec1583dc,187,169,6,a
2,1,a3e62486ec1583dc,97,67,6,a
2,1,a3e62486ec1583dc,114,103,6,a
1,1,f7ca39541b55984d,134,156,6,a
1,1,f7ca39541b55984d,183,72,6,a
2,1,a3e62486ec1583dc,42,179,6,a
1,1,f7ca39541b55984d,161,192,6,a
2,1,a3e62486ec1583dc,98,81,6,a
1,1,f7ca39541b55984d,164,195,6,a
1,1,f7ca39541b55984d,119,180,6,a
1,1,f7ca39541b55984d,157,34,6,a
2,1,a3e62486ec1583dc,89,163,6,a
0,1,92cd57591b112e15,137,111,6,a
1,1,f7ca39541b55984d,120,25,6,a
1,1,f7ca39541b55984d,181,44,6,a
2,1,a3e62486ec1583dc,143,81,6,a
2,1,a3e62486ec1583dc,194,92,6,a
1,1,f7ca39541b55984d,45,26,6,a
1,1,f7ca39541b55984d,171,89,7,p
2,1,a3e62486ec1583dc,145,127,7,p
1,1,f7ca39541b55984d,132,117,7,p
0,1,92cd57591b112e15,43,6,7,p
0,1,92cd57591b112e15,38,16,7,p
1,1,f7ca39541b55984d,132,79,7,p
1,1,f7ca39541b55984d,1,175,7,p
0,1,92cd57591b112e15,78,54,7,p
1,1,f7ca39541b55984d,162,65,7,p
1,1,f7ca39541b55984d,11,72,7,p
0,1,92cd57591b112e15,125,183,7,p
1,1,f7ca39541b55984d,11,201,7,p
1,1,f7ca39541b55984d,30,186,7,p
0,1,92cd57591b112e15,14,55,7,p
1,1,f7ca39541b55984d,68,166,7,p
2,1,a3e62486ec1583dc,145,76,7,p
0,1,92cd57591b112e15,55,71,7,p
0,1,92cd57591b112e15,91,92,7,p
0,1,92cd57591b112e15,6,66,7,p
0,1,92cd57591b112e15,53,159,7,p
2,1,a3e62486ec1583dc,81,77,7,p
0,1,92cd57591b112e15,33,84,7,p
1,1,f7ca39541b55984d,5,120,7,p
1,1,f7ca39541b55984d,1,190,7,p
1,1,f7ca39541b55984d,5,107,7,p
1,1,f7ca39541b55984d,176,164,7,p
0,1,92cd57591b112e15,14,19,7,p
0,1,92cd57591b112e15,29,138,7,p
1,1,f7ca39541b55984d,44,178,7,p
1,1,f7ca39541b55984d,15,180,7,p
1,1,f7ca39541b55984d,72,32,7,p
1,1,f7ca39541b55984d,4,174,7,p
0,1,92cd57591b112e15,9,118,7,p
1,1,f7ca39541b55984d,132,161,7,p
0,1,92cd57591b112e15,142,177,7,p
1,1,f7ca39541b55984d,8,91,7,p
0,1,92cd57591b112e15,54,78,7,p
1,1,f7ca39541b55984d,146,134,7,p
0,1,92cd57591b112e15,111,26,7,p
0,1,92cd57591b112e15,0,95,7,p
1,1,f7ca39541b55984d,117,152,7,p
1,1,f7ca39541b55984d,32,195,7,p
0,1,92cd57591b112e15,26,111,7,p
1,1,f7ca39541b55984d,51,199,7,p
1,1,f7ca39541b55984d,31,192,7,p
2,1,a3e62486ec1583dc,56,63,7,p
2,1,a3e62486ec1583dc,36,21,7,p
1,1,f7ca39541b55984d,20,109,7,p
1,1,f7ca39541b55984d,4,11,7,p
0,1,92cd57591b112e15,153,50,7,p
0,1,92cd57591b112e15,33,125,7,p
0,1,92cd57591b112e15,14,69,7,p
1,1,f7ca39541b55984d,157,15,7,p
1,1,f7ca39541b55984d,20,30,7,p
1,1,f7ca39541b55984d,124,194,7,p
2,1,a3e62486ec1583dc,61,163,7,p
2,1,a3e62486ec1583dc,28,143,7,p
2,1,a3e62486ec1583dc,52,197,7,p
1,1,f7ca39541b55984d,11,4,7,p
1,1,f7ca39541b55984d,12,105,7,p
0,1,92cd57591b112e15,57,141,7,p
2,1,a3e62486ec1583dc,10,98,7,p
2,1,a3e62486ec1583dc,36,196,7,p
0,1,92cd57591b112e15,13,153,7,p
2,1,a3e62486ec1583dc,42,179,7,p
0,1,92cd57591b112e15,60,123,7,p
2,1,a3e62486ec1583dc,63,169,7,p
1,1,f7ca39541b55984d,40,39,7,p
1,1,f7ca39541b55984d,30,44,7,p
2,1,a3e62486ec1583dc,23,149,7,p
2,1,a3e62486ec1583dc,23,157,7,p
2,1,a3e62486ec1583dc,64,103,7,p
2,1,a3e62486ec1583dc,76,145,7,p
2,1,a3e62486ec1583dc,37,140,7,p
2,1,a3e62486ec1583dc,136,137,7,p
2,1,a3e62486ec1583dc,154,73,7,p
1,1,f7ca39541b55984d,40,131,7,p
0,1,92cd57591b112e15,6,59,7,p
2,1,a3e62486ec1583dc,145,108,7,p
1,1,f7ca39541b55984d,162,187,7,p
2,1,a3e62486ec1583dc,167,198,7,p
1,1,f7ca39541b55984d,113,135,7,p
2,1,a3e62486ec1583dc,56,114,7,p
0,1,92cd57591b112e15,50,87,7,p
2,1,a3e62486ec1583dc,63,97,7,p
2,1,a3e62486ec1583dc,37,139,7,p
1,1,f7ca39541b55984d,41,82,7,p
1,1,f7ca39541b55984d,30,96,7,p
0,1,92cd57591b112e15,16,5,7,p
0,1,92cd57591b112e15,29,128,7,p
2,1,a3e62486ec1583dc,36,133,7,p
1,1,f7ca39541b55984d,58,27,7,p
2,1,a3e62486ec1583dc,64,132,7,p
0,1,92cd57591b112e15,141,119,7,p
0,1,92cd57591b112e15,53,156,7,p
1,1,f7ca39541b55984d,85,7,7,p
0,1,92cd57591b112e15,5,171,7,p
0,1,92cd57591b112e15,99,9,7,p
2,1,a3e62486ec1583dc,2,18,7,p
1,1,f7ca39541b55984d,32,80,7,p
2,1,a3e62486ec1583dc,149,168,7,p
1,1,f7ca39541b55984d,34,42,7,p
0,1,92cd57591b112e15,128,68,7,p
0,1,92cd57591b112e15,150,110,7,p
1,1,f7ca39541b55984d,194,115,7,p
2,1,a3e62486ec1583dc,52,48,7,p
2,1,a3e62486ec1583dc,81,38,7,p
1,1,f7ca39541b55984d,65,162,7,p
0,1,92cd57591b112e15,16,130,7,p
1,1,f7ca39541b55984d,144,101,7,p
2,1,a3e62486ec1583dc,127,121,7,p
0,1,92cd57591b112e15,0,122,7,p
0,1,92cd57591b112e15,171,181,7,p
1,1,f7ca39541b55984d,27,13,7,p
1,1,f7ca39541b55984d,135,124,7,p
2,1,a3e62486ec1583dc,139,37,7,p
0,1,92cd57591b112e15,55,58,7,p
2,1,a3e62486ec1583dc,17,64,7,p
0,1,92cd57591b112e15,24,74,7,p
0,1,92cd57591b112e15,26,202,7,p
0,1,92cd57591b112e15,19,184,7,p
0,1,92cd57591b112e15,71,88,7,p
0,1,92cd57591b112e15,26,45,7,p
1,1,f7ca39541b55984d,101,144,7,p
2,1,a3e62486ec1583dc,56,53,7,p
1,1,f7ca39541b55984d,79,146,7,p
1,1,f7ca39541b55984d,34,157,7,a
2,1,a3e62486ec1583dc,185,148,7,a
1,1,f7ca39541b55984d,124,199,7,a
0,1,92cd57591b112e15,177,15,7,a
1,1,f7ca39541b55984d,39,170,7,a
1,1,f7ca39541b55984d,44,181,7,a
2,1,a3e62486ec1583dc,137,111,7,a
0,1,92cd57591b112e15,19,14,7,a
0,1,92cd57591b112e15,118,46,7,a
0,1,92cd57591b112e15,171,5,7,a
0,1,92cd57591b112e15,74,24,7,a
2,1,a3e62486ec1583dc,21,36,7,a
0,1,92cd57591b112e15,138,29,7,a
0,1,92cd57591b112e15,78,54,7,a
1,1,f7ca39541b55984d,166,68,7,a
1,1,f7ca39541b55984d,115,196,7,a
1,1,f7ca39541b55984d,80,32,7,a
0,1,92cd57591b112e15,110,150,7,a
0,1,92cd57591b112e15,88,183,7,a
1,1,f7ca39541b55984d,120,25,7,a
0,1,92cd57591b112e15,57,129,7,a
0,1,92cd57591b112e15,66,6,7,a
0,1,92cd57591b112e15,84,67,7,a
2,1,a3e62486ec1583dc,48,93,7,a
0,1,92cd57591b112e15,202,192,7,a
0,1,92cd57591b112e15,159,53,7,a
2,1,a3e62486ec1583dc,70,189,7,a
1,1,f7ca39541b55984d,162,65,7,a
0,1,92cd57591b112e15,141,180,7,a
2,1,a3e62486ec1583dc,111,137,7,a
1,1,f7ca39541b55984d,101,162,7,a
0,1,92cd57591b112e15,54,78,7,a
2,1,a3e62486ec1583dc,143,81,7,a
0,1,92cd57591b112e15,45,26,7,a
0,1,92cd57591b112e15,128,46,7,a
2,1,a3e62486ec1583dc,73,154,7,a
2,1,a3e62486ec1583dc,64,130,7,a
0,1,92cd57591b112e15,15,147,7,a
1,1,f7ca39541b55984d,201,104,7,a
1,1,f7ca39541b55984d,196,36,7,a
1,1,f7ca39541b55984d,72,183,7,a
2,1,a3e62486ec1583dc,108,113,7,a
0,1,92cd57591b112e15,95,132,7,a
0,1,92cd57591b112e15,191,6,7,a
0,1,92cd57591b112e15,26,69,7,a
1,1,f7ca39541b55984d,131,160,7,a
1,1,f7ca39541b55984d,79,146,7,a
2,1,a3e62486ec1583dc,133,36,7,a
1,1,f7ca39541b55984d,82,22,7,a
2,1,a3e62486ec1583dc,63,169,7,a
1,1,f7ca39541b55984d,199,186,7,a
1,1,f7ca39541b55984d,105,12,7,a
2,1,a3e62486ec1583dc,38,16,7,a
1,1,f7ca39541b55984d,146,104,7,a
2,1,a3e62486ec1583dc,198,200,7,a
1,1,f7ca39541b55984d,96,193,7,a
2,1,a3e62486ec1583dc,167,106,7,a
2,1,a3e62486ec1583dc,197,34,7,a
0,1,92cd57591b112e15,59,91,7,a
0,1,92cd57591b112e15,125,190,7,a
2,1,a3e62486ec1583dc,163,89,7,a
0,1,92cd57591b112e15,6,90,7,a
0,1,92cd57591b112e15,122,8,7,a
2,1,a3e62486ec1583dc,97,67,7,a
1,1,f7ca39541b55984d,27,36,7,a
0,1,92cd57591b112e15,192,161,7,a
2,1,a3e62486ec1583dc,37,140,7,a
0,1,92cd57591b112e15,71,55,7,a
2,1,a3e62486ec1583dc,16,38,7,a
1,1,f7ca39541b55984d,187,169,7,a
2,1,a3e62486ec1583dc,86,151,7,a
1,1,f7ca39541b55984d,109,157,7,a
2,1,a3e62486ec1583dc,149,200,7,a
0,1,92cd57591b112e15,87,50,7,a
1,1,f7ca39541b55984d,174,176,7,a
1,1,f7ca39541b55984d,135,160,7,a
1,1,f7ca39541b55984d,194,92,7,a
1,1,f7ca39541b55984d,169,187,7,a
1,1,f7ca39541b55984d,104,146,7,a
0,1,92cd57591b112e15,9,99,7,a
0,1,92cd57591b112e15,6,66,8,p
1,1,f7ca39541b55984d,162,187,8,p
0,1,92cd57591b112e15,129,57,8,p
2,1,a3e62486ec1583dc,53,163,8,p
1,1,f7ca39541b55984d,65,162,8,p
0,1,92cd57591b112e15,33,104,8,p
0,1,92cd57591b112e15,5,16,8,p
1,1,f7ca39541b55984d,11,72,8,p
0,1,92cd57591b112e15,45,26,8,p
0,1,92cd57591b112e15,26,202,8,p
1,1,f7ca39541b55984d,193,96,8,p
2,1,a3e62486ec1583dc,154,73,8,p
0,1,92cd57591b112e15,0,159,8,p
2,1,a3e62486ec1583dc,63,97,8,p
1,1,f7ca39541b55984d,135,124,8,p
1,1,f7ca39541b55984d,20,109,8,p
0,1,92cd57591b112e15,6,59,8,p
2,1,a3e62486ec1583dc,28,143,8,p
0,1,92cd57591b112e15,33,84,8,p
1,1,f7ca39541b55984d,12,105,8,p
0,1,92cd57591b112e15,29,128,8,p
2,1,a3e62486ec1583dc,75,70,8,p
2,1,a3e62486ec1583dc,168,6,8,p
0,1,92cd57591b112e15,0,191,8,p
0,1,92cd57591b112e15,8,122,8,p
2,1,a3e62486ec1583dc,63,169,8,p
0,1,92cd57591b112e15,78,54,8,p
0,1,92cd57591b112e15,50,87,8,p
0,1,92cd57591b112e15,57,141,8,p
0,1,92cd57591b112e15,26,45,8,p
0,1,92cd57591b112e15,87,95,8,p
1,1,f7ca39541b55984d,32,80,8,p
1,1,f7ca39541b55984d,22,82,8,p
1,1,f7ca39541b55984d,144,101,8,p
0,1,92cd57591b112e15,55,71,8,p
1,1,f7ca39541b55984d,31,192,8,p
0,1,92cd57591b112e15,5,171,8,p
0,1,92cd57591b112e15,60,167,8,p
1,1,f7ca39541b55984d,194,115,8,p
1,1,f7ca39541b55984d,11,185,8,p
1,1,f7ca39541b55984d,124,135,8,p
1,1,f7ca39541b55984d,11,201,8,p
2,1,a3e62486ec1583dc,106,35,8,p
2,1,a3e62486ec1583dc,200,198,8,p
0,1,92cd57591b112e15,99,9,8,p
1,1,f7ca39541b55984d,36,196,8,p
1,1,f7ca39541b55984d,79,146,8,p
1,1,f7ca39541b55984d,157,15,8,p
2,1,a3e62486ec1583dc,30,48,8,p
0,1,92cd57591b112e15,14,19,8,p
1,1,f7ca39541b55984d,51,199,8,p
1,1,f7ca39541b55984d,22,86,8,p
1,1,f7ca39541b55984d,92,194,8,p
2,1,a3e62486ec1583dc,81,38,8,p
1,1,f7ca39541b55984d,40,39,8,p
2,1,a3e62486ec1583dc,23,149,8,p
0,1,92cd57591b112e15,150,110,8,p
2,1,a3e62486ec1583dc,89,108,8,p
2,1,a3e62486ec1583dc,17,64,8,p
0,1,92cd57591b112e15,142,177,8,p
1,1,f7ca39541b55984d,68,166,8,p
2,1,a3e62486ec1583dc,34,197,8,p
0,1,92cd57591b112e15,29,138,8,p
1,1,f7ca39541b55984d,4,174,8,p
1,1,f7ca39541b55984d,13,27,8,p
0,1,92cd57591b112e15,33,125,8,p
2,1,a3e62486ec1583dc,49,34,8,p
1,1,f7ca39541b55984d,178,44,8,p
0,1,92cd57591b112e15,26,111,8,p
0,1,92cd57591b112e15,54,78,8,p
0,1,92cd57591b112e15,9,118,8,p
1,1,f7ca39541b55984d,25,120,8,p
0,1,92cd57591b112e15,24,74,8,p
1,1,f7ca39541b55984d,40,131,8,p
1,1,f7ca39541b55984d,146,79,8,p
0,1,92cd57591b112e15,0,21,8,p
2,1,a3e62486ec1583dc,56,63,8,p
2,1,a3e62486ec1583dc,81,133,8,p
1,1,f7ca39541b55984d,183,88,8,p
2,1,a3e62486ec1583dc,139,37,8,p
2,1,a3e62486ec1583dc,106,137,8,p
2,1,a3e62486ec1583dc,35,164,8,a
0,1,92cd57591b112e15,33,180,8,a
0,1,92cd57591b112e15,122,8,8,a
0,1,92cd57591b112e15,54,78,8,a
2,1,a3e62486ec1583dc,198,200,8,a
2,1,a3e62486ec1583dc,38,16,8,a
0,1,92cd57591b112e15,110,150,8,a
1,1,f7ca39541b55984d,196,36,8,a
0,1,92cd57591b112e15,95,132,8,a
2,1,a3e62486ec1583dc,73,154,8,a
0,1,92cd57591b112e15,177,15,8,a
0,1,92cd57591b112e15,191,6,8,a
0,1,92cd57591b112e15,104,146,8,a
2,1,a3e62486ec1583dc,163,89,8,a
0,1,92cd57591b112e15,57,129,8,a
1,1,f7ca39541b55984d,82,22,8,a
0,1,92cd57591b112e15,87,50,8,a
2,1,a3e62486ec1583dc,97,67,8,a
1,1,f7ca39541b55984d,101,162,8,a
2,1,a3e62486ec1583dc,64,130,8,a
1,1,f7ca39541b55984d,185,148,8,a
0,1,92cd57591b112e15,66,6,8,a
1,1,f7ca39541b55984d,199,186,8,a
1,1,f7ca39541b55984d,79,146,8,a
1,1,f7ca39541b55984d,162,65,8,a
2,1,a3e62486ec1583dc,37,140,8,a
2,1,a3e62486ec1583dc,143,81,8,a
0,1,92cd57591b112e15,19,14,8,a
1,1,f7ca39541b55984d,105,12,8,a
0,1,92cd57591b112e15,74,24,8,a
0,1,92cd57591b112e15,167,106,8,a
1,1,f7ca39541b55984d,44,181,8,a
1,1,f7ca39541b55984d,85,7,8,a
2,1,a3e62486ec1583dc,189,70,8,a
2,1,a3e62486ec1583dc,48,93,8,a
0,1,92cd57591b112e15,59,91,8,a
1,1,f7ca39541b55984d,86,151,8,a
1,1,f7ca39541b55984d,201,104,8,a
1,1,f7ca39541b55984d,80,32,8,a
2,1,a3e62486ec1583dc,70,189,8,a
0,1,92cd57591b112e15,146,104,8,a
0,1,92cd57591b112e15,171,5,8,a
1,1,f7ca39541b55984d,187,169,8,a
2,1,a3e62486ec1583dc,108,113,8,a
2,1,a3e62486ec1583dc,133,36,8,a
2,1,a3e62486ec1583dc,28,11,8,a
1,1,f7ca39541b55984d,193,96,8,a
0,1,92cd57591b112e15,159,53,8,a
2,1,a3e62486ec1583dc,137,111,8,a
2,1,a3e62486ec1583dc,149,200,8,a
0,1,92cd57591b112e15,43,146,8,a
1,1,f7ca39541b55984d,174,176,8,a
0,1,92cd57591b112e15,202,192,8,a
1,1,f7ca39541b55984d,115,196,8,a
2,1,a3e62486ec1583dc,34,157,8,a
1,1,f7ca39541b55984d,131,160,8,a
2,1,a3e62486ec1583dc,197,34,8,a
0,1,92cd57591b112e15,14,19,9,p
0,1,92cd57591b112e15,6,66,9,p
1,1,f7ca39541b55984d,79,146,9,p
2,1,a3e62486ec1583dc,81,133,9,p
1,1,f7ca39541b55984d,40,131,9,p
2,1,a3e62486ec1583dc,61,163,9,p
0,1,92cd57591b112e15,5,171,9,p
2,1,a3e62486ec1583dc,139,37,9,p
0,1,92cd57591b112e15,60,167,9,p
1,1,f7ca39541b55984d,12,105,9,p
0,1,92cd57591b112e15,8,122,9,p
1,1,f7ca39541b55984d,20,189,9,p
2,1,a3e62486ec1583dc,49,34,9,p
1,1,f7ca39541b55984d,7,85,9,p
2,1,a3e62486ec1583dc,168,33,9,p
2,1,a3e62486ec1583dc,114,90,9,p
2,1,a3e62486ec1583dc,154,73,9,p
2,1,a3e62486ec1583dc,89,108,9,p
0,1,92cd57591b112e15,87,95,9,p
2,1,a3e62486ec1583dc,81,193,9,p
1,1,f7ca39541b55984d,42,201,9,p
1,1,f7ca39541b55984d,4,174,9,p
1,1,f7ca39541b55984d,194,115,9,p
0,1,92cd57591b112e15,6,43,9,p
0,1,92cd57591b112e15,129,57,9,p
1,1,f7ca39541b55984d,65,162,9,p
