# Wed Nov 22 12:07:04 2017
#simulation with:
#SEED 1
#N_AGENTS 203
#N_USERS 200
#N_SOURCES 3
#P_a 0.025
#P_s 0.25
#dim 3
#time 100
#memorySize 1
source,timec,news,ag1,ag2,time,type
1,1,60a0ebaf69c1d5da,1,1,1,c
2,1,99f3bf08a211039b,2,2,1,c
0,1,1b205dd87b251765,0,0,1,c
0,1,1b205dd87b251765,0,172,2,p
0,1,1b205dd87b251765,0,37,2,p
0,1,1b205dd87b251765,0,109,2,p
0,1,1b205dd87b251765,0,66,2,p
2,1,99f3bf08a211039b,2,140,2,p
0,1,1b205dd87b251765,66,128,2,p
1,1,60a0ebaf69c1d5da,1,54,2,p
2,1,99f3bf08a211039b,2,131,2,p
1,1,60a0ebaf69c1d5da,1,169,2,p
0,1,1b205dd87b251765,109,25,2,a
0,1,1b205dd87b251765,37,145,2,a
2,1,99f3bf08a211039b,140,141,2,a
0,1,1b205dd87b251765,128,108,2,a
2,1,99f3bf08a211039b,131,13,2,a
0,1,1b205dd87b251765,66,94,2,a
1,1,60a0ebaf69c1d5da,54,92,2,a
1,1,60a0ebaf69c1d5da,169,30,2,a
0,1,1b205dd87b251765,172,108,2,a
0,1,1b205dd87b251765,94,66,3,p
2,1,99f3bf08a211039b,141,140,3,p
1,1,60a0ebaf69c1d5da,68,54,3,p
0,1,1b205dd87b251765,145,37,3,p
1,1,60a0ebaf69c1d5da,30,169,3,p
2,1,99f3bf08a211039b,13,131,3,p
0,1,1b205dd87b251765,25,109,3,p
1,1,60a0ebaf69c1d5da,30,77,3,p
0,1,1b205dd87b251765,108,172,3,p
0,1,1b205dd87b251765,66,128,3,p
0,1,1b205dd87b251765,109,25,3,a
0,1,1b205dd87b251765,25,155,3,a
0,1,1b205dd87b251765,128,108,3,a
1,1,60a0ebaf69c1d5da,169,30,3,a
0,1,1b205dd87b251765,172,108,3,a
2,1,99f3bf08a211039b,140,141,3,a
2,1,99f3bf08a211039b,131,13,3,a
0,1,1b205dd87b251765,37,145,3,a
1,1,60a0ebaf69c1d5da,77,125,3,a
1,1,60a0ebaf69c1d5da,1,28,4,p
1,1,60a0ebaf69c1d5da,1,78,4,p
2,1,99f3bf08a211039b,2,22,4,p
0,1,1b205dd87b251765,109,25,4,p
1,1,60a0ebaf69c1d5da,30,169,4,p
1,1,60a0ebaf69c1d5da,1,35,4,p
1,1,60a0ebaf69c1d5da,77,100,4,p
2,1,99f3bf08a211039b,141,140,4,p
1,1,60a0ebaf69c1d5da,1,31,4,p
2,1,99f3bf08a211039b,2,19,4,p
2,1,99f3bf08a211039b,2,52,4,p
2,1,99f3bf08a211039b,13,162,4,p
2,1,99f3bf08a211039b,13,131,4,p
0,1,1b205dd87b251765,0,14,4,p
0,1,1b205dd87b251765,0,84,4,p
0,1,1b205dd87b251765,0,175,4,p
0,1,1b205dd87b251765,66,150,4,p
1,1,60a0ebaf69c1d5da,1,112,4,p
0,1,1b205dd87b251765,0,165,4,p
0,1,1b205dd87b251765,25,155,4,p
0,1,1b205dd87b251765,66,128,4,p
2,1,99f3bf08a211039b,162,8,4,p
0,1,1b205dd87b251765,175,167,4,p
1,1,60a0ebaf69c1d5da,35,124,4,p
2,1,99f3bf08a211039b,2,110,4,p
1,1,60a0ebaf69c1d5da,77,30,4,p
2,1,99f3bf08a211039b,2,129,4,p
1,1,60a0ebaf69c1d5da,124,29,4,p
1,1,60a0ebaf69c1d5da,78,134,4,p
0,1,1b205dd87b251765,108,172,4,p
1,1,60a0ebaf69c1d5da,78,3,4,p
0,1,1b205dd87b251765,145,37,4,p
2,1,99f3bf08a211039b,2,193,4,p
1,1,60a0ebaf69c1d5da,30,77,4,p
1,1,60a0ebaf69c1d5da,77,163,4,p
1,1,60a0ebaf69c1d5da,1,57,4,p
0,1,1b205dd87b251765,25,26,4,p
2,1,99f3bf08a211039b,19,44,4,p
1,1,60a0ebaf69c1d5da,1,144,4,p
0,1,1b205dd87b251765,108,180,4,p
1,1,60a0ebaf69c1d5da,3,187,4,p
2,1,99f3bf08a211039b,22,201,4,p
2,1,99f3bf08a211039b,2,49,4,p
2,1,99f3bf08a211039b,19,158,4,p
1,1,60a0ebaf69c1d5da,169,164,4,p
0,1,1b205dd87b251765,150,127,4,p
0,1,1b205dd87b251765,25,109,4,p
1,1,60a0ebaf69c1d5da,163,101,4,a
1,1,60a0ebaf69c1d5da,35,117,4,a
0,1,1b205dd87b251765,25,155,4,a
2,1,99f3bf08a211039b,8,197,4,a
0,1,1b205dd87b251765,37,145,4,a
1,1,60a0ebaf69c1d5da,57,51,4,a
0,1,1b205dd87b251765,165,23,4,a
2,1,99f3bf08a211039b,22,201,4,a
2,1,99f3bf08a211039b,49,154,4,a
1,1,60a0ebaf69c1d5da,30,41,4,a
0,1,1b205dd87b251765,167,191,4,a
1,1,60a0ebaf69c1d5da,187,3,4,a
2,1,99f3bf08a211039b,140,141,4,a
1,1,60a0ebaf69c1d5da,134,102,4,a
1,1,60a0ebaf69c1d5da,31,72,4,a
0,1,1b205dd87b251765,26,21,4,a
2,1,99f3bf08a211039b,52,127,4,a
2,1,99f3bf08a211039b,19,171,4,a
0,1,1b205dd87b251765,175,177,4,a
2,1,99f3bf08a211039b,201,22,4,a
0,1,1b205dd87b251765,109,25,4,a
2,1,99f3bf08a211039b,158,149,4,a
0,1,1b205dd87b251765,84,113,4,a
2,1,99f3bf08a211039b,127,144,4,a
1,1,60a0ebaf69c1d5da,78,3,4,a
1,1,60a0ebaf69c1d5da,3,187,4,a
0,1,1b205dd87b251765,14,58,4,a
1,1,60a0ebaf69c1d5da,100,38,4,a
2,1,99f3bf08a211039b,154,49,4,a
1,1,60a0ebaf69c1d5da,28,61,4,a
0,1,1b205dd87b251765,150,46,4,a
2,1,99f3bf08a211039b,129,57,4,a
1,1,60a0ebaf69c1d5da,124,161,4,a
2,1,99f3bf08a211039b,162,13,4,a
0,1,1b205dd87b251765,155,25,4,a
1,1,60a0ebaf69c1d5da,164,190,4,a
0,1,1b205dd87b251765,58,41,4,a
1,1,60a0ebaf69c1d5da,29,105,4,a
2,1,99f3bf08a211039b,149,96,4,a
2,1,99f3bf08a211039b,193,96,4,a
1,1,60a0ebaf69c1d5da,112,24,4,a
0,1,1b205dd87b251765,180,110,4,a
2,1,99f3bf08a211039b,144,127,4,a
2,1,99f3bf08a211039b,110,180,4,a
2,1,99f3bf08a211039b,2,186,5,p
1,1,60a0ebaf69c1d5da,29,113,5,p
2,1,99f3bf08a211039b,22,28,5,p
2,1,99f3bf08a211039b,162,46,5,p
1,1,60a0ebaf69c1d5da,100,119,5,p
0,1,1b205dd87b251765,167,175,5,p
2,1,99f3bf08a211039b,8,48,5,p
0,1,1b205dd87b251765,150,127,5,p
1,1,60a0ebaf69c1d5da,164,190,5,p
2,1,99f3bf08a211039b,110,98,5,p
0,1,1b205dd87b251765,21,26,5,p
0,1,1b205dd87b251765,23,10,5,p
0,1,1b205dd87b251765,0,147,5,p
2,1,99f3bf08a211039b,44,19,5,p
2,1,99f3bf08a211039b,144,25,5,p
2,1,99f3bf08a211039b,154,136,5,p
1,1,60a0ebaf69c1d5da,77,163,5,p
0,1,1b205dd87b251765,23,12,5,p
1,1,60a0ebaf69c1d5da,1,144,5,p
0,1,1b205dd87b251765,191,34,5,p
2,1,99f3bf08a211039b,110,35,5,p
1,1,60a0ebaf69c1d5da,3,187,5,p
1,1,60a0ebaf69c1d5da,72,199,5,p
0,1,1b205dd87b251765,60,180,5,p
0,1,1b205dd87b251765,21,177,5,p
2,1,99f3bf08a211039b,13,153,5,p
2,1,99f3bf08a211039b,19,158,5,p
1,1,60a0ebaf69c1d5da,51,33,5,p
0,1,1b205dd87b251765,108,114,5,p
1,1,60a0ebaf69c1d5da,187,45,5,p
1,1,60a0ebaf69c1d5da,113,112,5,p
2,1,99f3bf08a211039b,25,155,5,p
2,1,99f3bf08a211039b,141,140,5,p
1,1,60a0ebaf69c1d5da,54,68,5,p
1,1,60a0ebaf69c1d5da,105,170,5,p
0,1,1b205dd87b251765,167,27,5,p
0,1,1b205dd87b251765,0,84,5,p
0,1,1b205dd87b251765,34,191,5,p
0,1,1b205dd87b251765,27,167,5,p
2,1,99f3bf08a211039b,136,174,5,p
2,1,99f3bf08a211039b,149,96,5,p
0,1,1b205dd87b251765,66,83,5,p
0,1,1b205dd87b251765,177,95,5,p
2,1,99f3bf08a211039b,44,134,5,p
2,1,99f3bf08a211039b,19,62,5,p
1,1,60a0ebaf69c1d5da,169,164,5,p
2,1,99f3bf08a211039b,35,110,5,p
0,1,1b205dd87b251765,12,58,5,p
2,1,99f3bf08a211039b,28,151,5,p
2,1,99f3bf08a211039b,46,150,5,p
2,1,99f3bf08a211039b,35,117,5,p
1,1,60a0ebaf69c1d5da,116,89,5,p
2,1,99f3bf08a211039b,22,201,5,p
2,1,99f3bf08a211039b,2,52,5,p
1,1,60a0ebaf69c1d5da,38,100,5,p
1,1,60a0ebaf69c1d5da,77,30,5,p
2,1,99f3bf08a211039b,28,22,5,p
2,1,99f3bf08a211039b,2,139,5,p
1,1,60a0ebaf69c1d5da,102,129,5,p
0,1,1b205dd87b251765,66,94,5,p
2,1,99f3bf08a211039b,62,49,5,p
2,1,99f3bf08a211039b,22,81,5,p
2,1,99f3bf08a211039b,44,86,5,p
2,1,99f3bf08a211039b,98,76,5,p
0,1,1b205dd87b251765,10,23,5,p
1,1,60a0ebaf69c1d5da,33,69,5,p
2,1,99f3bf08a211039b,44,188,5,p
0,1,1b205dd87b251765,83,120,5,p
2,1,99f3bf08a211039b,158,9,5,p
1,1,60a0ebaf69c1d5da,129,106,5,p
1,1,60a0ebaf69c1d5da,164,178,5,p
0,1,1b205dd87b251765,27,126,5,p
1,1,60a0ebaf69c1d5da,54,92,5,p
2,1,99f3bf08a211039b,49,152,5,p
0,1,1b205dd87b251765,23,165,5,p
2,1,99f3bf08a211039b,86,102,5,p
1,1,60a0ebaf69c1d5da,3,78,5,p
1,1,60a0ebaf69c1d5da,30,36,5,p
0,1,1b205dd87b251765,126,109,5,p
0,1,1b205dd87b251765,27,161,5,p
0,1,1b205dd87b251765,145,37,5,p
2,1,99f3bf08a211039b,13,173,5,p
0,1,1b205dd87b251765,10,67,5,p
2,1,99f3bf08a211039b,76,179,5,p
2,1,99f3bf08a211039b,136,87,5,p
2,1,99f3bf08a211039b,57,16,5,p
2,1,99f3bf08a211039b,49,154,5,p
0,1,1b205dd87b251765,114,149,5,p
0,1,1b205dd87b251765,10,156,5,p
1,1,60a0ebaf69c1d5da,29,185,5,p
1,1,60a0ebaf69c1d5da,185,193,5,p
2,1,99f3bf08a211039b,48,111,5,p
0,1,1b205dd87b251765,114,141,5,p
0,1,1b205dd87b251765,114,108,5,p
0,1,1b205dd87b251765,0,197,5,p
0,1,1b205dd87b251765,27,105,5,p
1,1,60a0ebaf69c1d5da,29,124,5,p
2,1,99f3bf08a211039b,8,184,5,p
2,1,99f3bf08a211039b,48,6,5,p
2,1,99f3bf08a211039b,110,189,5,p
1,1,60a0ebaf69c1d5da,113,29,5,p
0,1,1b205dd87b251765,37,145,5,p
2,1,99f3bf08a211039b,9,159,5,p
2,1,99f3bf08a211039b,136,104,5,p
0,1,1b205dd87b251765,177,90,5,p
2,1,99f3bf08a211039b,2,181,5,p
1,1,60a0ebaf69c1d5da,3,59,5,p
1,1,60a0ebaf69c1d5da,3,91,5,p
0,1,1b205dd87b251765,58,14,5,p
2,1,99f3bf08a211039b,150,15,5,p
2,1,99f3bf08a211039b,134,7,5,p
2,1,99f3bf08a211039b,16,31,5,p
0,1,1b205dd87b251765,197,8,5,p
0,1,1b205dd87b251765,126,56,5,p
2,1,99f3bf08a211039b,48,3,5,p
2,1,99f3bf08a211039b,13,162,5,p
1,1,60a0ebaf69c1d5da,51,57,5,p
2,1,99f3bf08a211039b,15,39,5,p
0,1,1b205dd87b251765,114,115,5,a
1,1,60a0ebaf69c1d5da,36,78,5,a
2,1,99f3bf08a211039b,152,170,5,a
0,1,1b205dd87b251765,165,23,5,a
2,1,99f3bf08a211039b,81,53,5,a
1,1,60a0ebaf69c1d5da,193,96,5,a
2,1,99f3bf08a211039b,6,188,5,a
1,1,60a0ebaf69c1d5da,163,101,5,a
2,1,99f3bf08a211039b,46,150,5,a
0,1,1b205dd87b251765,27,144,5,a
0,1,1b205dd87b251765,67,10,5,a
1,1,60a0ebaf69c1d5da,112,24,5,a
1,1,60a0ebaf69c1d5da,57,51,5,a
1,1,60a0ebaf69c1d5da,91,152,5,a
0,1,1b205dd87b251765,156,99,5,a
0,1,1b205dd87b251765,58,41,5,a
2,1,99f3bf08a211039b,151,28,5,a
1,1,60a0ebaf69c1d5da,92,188,5,a
0,1,1b205dd87b251765,108,107,5,a
0,1,1b205dd87b251765,145,17,5,a
0,1,1b205dd87b251765,23,188,5,a
1,1,60a0ebaf69c1d5da,100,38,5,a
2,1,99f3bf08a211039b,16,31,5,a
1,1,60a0ebaf69c1d5da,124,161,5,a
1,1,60a0ebaf69c1d5da,38,100,5,a
2,1,99f3bf08a211039b,186,21,5,a
1,1,60a0ebaf69c1d5da,178,99,5,a
0,1,1b205dd87b251765,84,113,5,a
2,1,99f3bf08a211039b,184,8,5,a
2,1,99f3bf08a211039b,136,174,5,a
0,1,1b205dd87b251765,191,155,5,a
0,1,1b205dd87b251765,188,23,5,a
1,1,60a0ebaf69c1d5da,29,105,5,a
2,1,99f3bf08a211039b,162,13,5,a
0,1,1b205dd87b251765,34,191,5,a
2,1,99f3bf08a211039b,87,173,5,a
2,1,99f3bf08a211039b,181,5,5,a
1,1,60a0ebaf69c1d5da,89,11,5,a
1,1,60a0ebaf69c1d5da,190,164,5,a
0,1,1b205dd87b251765,141,140,5,a
2,1,99f3bf08a211039b,201,22,5,a
2,1,99f3bf08a211039b,104,61,5,a
2,1,99f3bf08a211039b,153,160,5,a
2,1,99f3bf08a211039b,174,111,5,a
1,1,60a0ebaf69c1d5da,45,80,5,a
1,1,60a0ebaf69c1d5da,105,29,5,a
0,1,1b205dd87b251765,14,58,5,a
0,1,1b205dd87b251765,120,119,5,a
2,1,99f3bf08a211039b,86,44,5,a
2,1,99f3bf08a211039b,150,46,5,a
2,1,99f3bf08a211039b,117,35,5,a
0,1,1b205dd87b251765,12,115,5,a
1,1,60a0ebaf69c1d5da,72,31,5,a
1,1,60a0ebaf69c1d5da,69,152,5,a
1,1,60a0ebaf69c1d5da,78,3,5,a
2,1,99f3bf08a211039b,189,114,5,a
2,1,99f3bf08a211039b,19,171,5,a
0,1,1b205dd87b251765,155,25,5,a
2,1,99f3bf08a211039b,173,74,5,a
2,1,99f3bf08a211039b,28,61,5,a
0,1,1b205dd87b251765,95,11,5,a
2,1,99f3bf08a211039b,9,99,5,a
2,1,99f3bf08a211039b,160,202,5,a
0,1,1b205dd87b251765,177,90,5,a
0,1,1b205dd87b251765,167,191,5,a
1,1,60a0ebaf69c1d5da,101,163,5,a
1,1,60a0ebaf69c1d5da,161,124,5,a
0,1,1b205dd87b251765,10,67,5,a
0,1,1b205dd87b251765,113,138,5,a
0,1,1b205dd87b251765,180,110,5,a
0,1,1b205dd87b251765,126,80,5,a
1,1,60a0ebaf69c1d5da,185,80,5,a
0,1,1b205dd87b251765,147,174,5,a
2,1,99f3bf08a211039b,7,187,5,a
0,1,1b205dd87b251765,110,180,5,a
2,1,99f3bf08a211039b,102,134,5,a
0,1,1b205dd87b251765,37,145,5,a
1,1,60a0ebaf69c1d5da,68,120,5,a
2,1,99f3bf08a211039b,139,75,5,a
2,1,99f3bf08a211039b,159,86,5,a
0,1,1b205dd87b251765,197,105,5,a
2,1,99f3bf08a211039b,98,110,5,a
1,1,60a0ebaf69c1d5da,31,72,5,a
1,1,60a0ebaf69c1d5da,33,198,5,a
1,1,60a0ebaf69c1d5da,96,149,5,a
0,1,1b205dd87b251765,94,66,5,a
0,1,1b205dd87b251765,175,177,5,a
1,1,60a0ebaf69c1d5da,106,65,5,a
2,1,99f3bf08a211039b,62,28,5,a
2,1,99f3bf08a211039b,35,117,5,a
2,1,99f3bf08a211039b,48,39,5,a
2,1,99f3bf08a211039b,15,39,5,a
1,1,60a0ebaf69c1d5da,164,190,5,a
0,1,1b205dd87b251765,119,12,5,a
2,1,99f3bf08a211039b,179,170,5,a
2,1,99f3bf08a211039b,76,179,5,a
2,1,99f3bf08a211039b,154,49,5,a
1,1,60a0ebaf69c1d5da,149,96,5,a
0,1,1b205dd87b251765,83,66,5,a
2,1,99f3bf08a211039b,39,48,5,a
2,1,99f3bf08a211039b,170,152,5,a
1,1,60a0ebaf69c1d5da,199,86,5,a
1,1,60a0ebaf69c1d5da,59,12,5,a
2,1,99f3bf08a211039b,49,154,5,a
0,1,1b205dd87b251765,56,145,5,a
1,1,60a0ebaf69c1d5da,164,190,6,p
0,1,1b205dd87b251765,25,93,6,p
0,1,1b205dd87b251765,27,161,6,p
0,1,1b205dd87b251765,11,95,6,p
1,1,60a0ebaf69c1d5da,77,163,6,p
2,1,99f3bf08a211039b,202,176,6,p
2,1,99f3bf08a211039b,19,62,6,p
0,1,1b205dd87b251765,83,120,6,p
1,1,60a0ebaf69c1d5da,3,91,6,p
0,1,1b205dd87b251765,141,147,6,p
2,1,99f3bf08a211039b,49,154,6,p
2,1,99f3bf08a211039b,153,160,6,p
0,1,1b205dd87b251765,56,141,6,p
0,1,1b205dd87b251765,0,13,6,p
2,1,99f3bf08a211039b,49,152,6,p
2,1,99f3bf08a211039b,5,89,6,p
2,1,99f3bf08a211039b,6,48,6,p
1,1,60a0ebaf69c1d5da,3,78,6,p
2,1,99f3bf08a211039b,2,43,6,p
0,1,1b205dd87b251765,27,105,6,p
2,1,99f3bf08a211039b,153,71,6,p
2,1,99f3bf08a211039b,134,7,6,p
2,1,99f3bf08a211039b,152,155,6,p
2,1,99f3bf08a211039b,19,85,6,p
1,1,60a0ebaf69c1d5da,54,92,6,p
0,1,1b205dd87b251765,66,83,6,p
2,1,99f3bf08a211039b,44,19,6,p
1,1,60a0ebaf69c1d5da,57,121,6,p
2,1,99f3bf08a211039b,152,170,6,p
1,1,60a0ebaf69c1d5da,112,116,6,p
2,1,99f3bf08a211039b,81,53,6,p
1,1,60a0ebaf69c1d5da,163,101,6,p
2,1,99f3bf08a211039b,5,181,6,p
2,1,99f3bf08a211039b,71,153,6,p
2,1,99f3bf08a211039b,61,104,6,p
2,1,99f3bf08a211039b,131,16,6,p
2,1,99f3bf08a211039b,150,198,6,p
0,1,1b205dd87b251765,23,12,6,p
1,1,60a0ebaf69c1d5da,31,72,6,p
2,1,99f3bf08a211039b,76,50,6,p
0,1,1b205dd87b251765,108,114,6,p
2,1,99f3bf08a211039b,50,76,6,p
0,1,1b205dd87b251765,83,195,6,p
0,1,1b205dd87b251765,17,145,6,p
0,1,1b205dd87b251765,115,37,6,p
2,1,99f3bf08a211039b,110,189,6,p
0,1,1b205dd87b251765,105,27,6,p
2,1,99f3bf08a211039b,111,174,6,p
2,1,99f3bf08a211039b,99,9,6,p
1,1,60a0ebaf69c1d5da,100,119,6,p
2,1,99f3bf08a211039b,22,81,6,p
0,1,1b205dd87b251765,10,156,6,p
2,1,99f3bf08a211039b,35,110,6,p
2,1,99f3bf08a211039b,9,135,6,p
1,1,60a0ebaf69c1d5da,116,32,6,p
2,1,99f3bf08a211039b,5,98,6,p
0,1,1b205dd87b251765,66,138,6,p
0,1,1b205dd87b251765,83,118,6,p
2,1,99f3bf08a211039b,71,157,6,p
0,1,1b205dd87b251765,23,165,6,p
2,1,99f3bf08a211039b,8,184,6,p
1,1,60a0ebaf69c1d5da,29,137,6,p
2,1,99f3bf08a211039b,35,117,6,p
1,1,60a0ebaf69c1d5da,164,178,6,p
2,1,99f3bf08a211039b,39,42,6,p
2,1,99f3bf08a211039b,139,75,6,p
2,1,99f3bf08a211039b,21,102,6,p
2,1,99f3bf08a211039b,176,106,6,p
1,1,60a0ebaf69c1d5da,29,130,6,p
1,1,60a0ebaf69c1d5da,72,199,6,p
0,1,1b205dd87b251765,11,167,6,p
1,1,60a0ebaf69c1d5da,51,33,6,p
0,1,1b205dd87b251765,107,108,6,p
0,1,1b205dd87b251765,58,14,6,p
0,1,1b205dd87b251765,10,67,6,p
2,1,99f3bf08a211039b,28,151,6,p
1,1,60a0ebaf69c1d5da,51,57,6,p
1,1,60a0ebaf69c1d5da,29,124,6,p
1,1,60a0ebaf69c1d5da,101,146,6,p
2,1,99f3bf08a211039b,9,159,6,p
2,1,99f3bf08a211039b,2,123,6,p
0,1,1b205dd87b251765,27,126,6,p
1,1,60a0ebaf69c1d5da,178,21,6,p
2,1,99f3bf08a211039b,39,15,6,p
2,1,99f3bf08a211039b,179,45,6,p
2,1,99f3bf08a211039b,15,150,6,p
1,1,60a0ebaf69c1d5da,96,193,6,p
1,1,60a0ebaf69c1d5da,21,107,6,p
2,1,99f3bf08a211039b,22,28,6,p
0,1,1b205dd87b251765,191,34,6,p
0,1,1b205dd87b251765,11,24,6,p
1,1,60a0ebaf69c1d5da,3,59,6,p
0,1,1b205dd87b251765,90,200,6,p
0,1,1b205dd87b251765,10,23,6,p
0,1,1b205dd87b251765,95,47,6,p
1,1,60a0ebaf69c1d5da,101,79,6,p
2,1,99f3bf08a211039b,81,82,6,p
2,1,99f3bf08a211039b,19,63,6,p
2,1,99f3bf08a211039b,15,39,6,p
0,1,1b205dd87b251765,90,177,6,p
2,1,99f3bf08a211039b,5,125,6,p
2,1,99f3bf08a211039b,189,40,6,p
0,1,1b205dd87b251765,118,35,6,p
0,1,1b205dd87b251765,195,55,6,p
2,1,99f3bf08a211039b,82,113,6,p
1,1,60a0ebaf69c1d5da,130,96,6,p
1,1,60a0ebaf69c1d5da,29,185,6,p
1,1,60a0ebaf69c1d5da,124,29,6,p
0,1,1b205dd87b251765,167,175,6,p
0,1,1b205dd87b251765,34,191,6,p
0,1,1b205dd87b251765,105,197,6,p
1,1,60a0ebaf69c1d5da,121,65,6,p
2,1,99f3bf08a211039b,150,46,6,p
2,1,99f3bf08a211039b,8,162,6,p
0,1,1b205dd87b251765,90,148,6,p
2,1,99f3bf08a211039b,113,69,6,p
0,1,1b205dd87b251765,114,149,6,p
1,1,60a0ebaf69c1d5da,30,36,6,p
1,1,60a0ebaf69c1d5da,1,192,6,p
2,1,99f3bf08a211039b,48,74,6,p
1,1,60a0ebaf69c1d5da,59,97,6,p
2,1,99f3bf08a211039b,74,41,6,p
2,1,99f3bf08a211039b,201,64,6,p
2,1,99f3bf08a211039b,136,87,6,p
0,1,1b205dd87b251765,120,68,6,p
2,1,99f3bf08a211039b,113,73,6,p
0,1,1b205dd87b251765,0,84,6,p
1,1,60a0ebaf69c1d5da,169,164,6,p
2,1,99f3bf08a211039b,87,136,6,p
0,1,1b205dd87b251765,126,56,6,p
2,1,99f3bf08a211039b,39,179,6,p
1,1,60a0ebaf69c1d5da,92,139,6,p
1,1,60a0ebaf69c1d5da,100,38,6,p
1,1,60a0ebaf69c1d5da,92,196,6,p
0,1,1b205dd87b251765,13,142,6,p
2,1,99f3bf08a211039b,46,143,6,p
0,1,1b205dd87b251765,23,10,6,p
0,1,1b205dd87b251765,60,180,6,p
0,1,1b205dd87b251765,115,86,6,p
1,1,60a0ebaf69c1d5da,21,186,6,p
0,1,1b205dd87b251765,66,94,6,p
2,1,99f3bf08a211039b,22,201,6,p
1,1,60a0ebaf69c1d5da,116,112,6,p
0,1,1b205dd87b251765,27,18,6,p
2,1,99f3bf08a211039b,16,31,6,p
0,1,1b205dd87b251765,11,58,6,p
0,1,1b205dd87b251765,188,6,6,p
0,1,1b205dd87b251765,58,166,6,p
2,1,99f3bf08a211039b,74,173,6,p
2,1,99f3bf08a211039b,44,188,6,p
2,1,99f3bf08a211039b,62,49,6,p
0,1,1b205dd87b251765,10,103,6,p
1,1,60a0ebaf69c1d5da,38,100,6,p
1,1,60a0ebaf69c1d5da,107,122,6,p
2,1,99f3bf08a211039b,89,5,6,p
2,1,99f3bf08a211039b,160,202,6,p
0,1,1b205dd87b251765,118,35,6,a
1,1,60a0ebaf69c1d5da,130,25,6,a
2,1,99f3bf08a211039b,176,202,6,a
1,1,60a0ebaf69c1d5da,79,45,6,a
2,1,99f3bf08a211039b,5,181,6,a
0,1,1b205dd87b251765,67,10,6,a
1,1,60a0ebaf69c1d5da,92,188,6,a
2,1,99f3bf08a211039b,42,11,6,a
0,1,1b205dd87b251765,56,145,6,a
2,1,99f3bf08a211039b,153,160,6,a
2,1,99f3bf08a211039b,170,152,6,a
1,1,60a0ebaf69c1d5da,97,35,6,a
2,1,99f3bf08a211039b,40,189,6,a
2,1,99f3bf08a211039b,113,138,6,a
2,1,99f3bf08a211039b,110,180,6,a
1,1,60a0ebaf69c1d5da,178,99,6,a
0,1,1b205dd87b251765,115,12,6,a
1,1,60a0ebaf69c1d5da,186,21,6,a
2,1,99f3bf08a211039b,143,70,6,a
0,1,1b205dd87b251765,200,88,6,a
2,1,99f3bf08a211039b,184,8,6,a
2,1,99f3bf08a211039b,181,5,6,a
2,1,99f3bf08a211039b,171,19,6,a
0,1,1b205dd87b251765,14,58,6,a
2,1,99f3bf08a211039b,179,170,6,a
0,1,1b205dd87b251765,47,140,6,a
1,1,60a0ebaf69c1d5da,192,104,6,a
0,1,1b205dd87b251765,6,188,6,a
1,1,60a0ebaf69c1d5da,146,125,6,a
2,1,99f3bf08a211039b,117,35,6,a
1,1,60a0ebaf69c1d5da,193,96,6,a
0,1,1b205dd87b251765,177,90,6,a
0,1,1b205dd87b251765,142,13,6,a
1,1,60a0ebaf69c1d5da,139,75,6,a
0,1,1b205dd87b251765,145,17,6,a
2,1,99f3bf08a211039b,123,199,6,a
2,1,99f3bf08a211039b,43,190,6,a
1,1,60a0ebaf69c1d5da,164,190,6,a
1,1,60a0ebaf69c1d5da,116,39,6,a
2,1,99f3bf08a211039b,138,108,6,a
2,1,99f3bf08a211039b,136,174,6,a
2,1,99f3bf08a211039b,108,107,6,a
0,1,1b205dd87b251765,10,67,6,a
0,1,1b205dd87b251765,197,105,6,a
1,1,60a0ebaf69c1d5da,185,80,6,a
0,1,1b205dd87b251765,191,155,6,a
2,1,99f3bf08a211039b,50,76,6,a
0,1,1b205dd87b251765,13,131,6,a
1,1,60a0ebaf69c1d5da,33,198,6,a
0,1,1b205dd87b251765,23,188,6,a
1,1,60a0ebaf69c1d5da,121,65,6,a
0,1,1b205dd87b251765,60,180,6,a
2,1,99f3bf08a211039b,71,157,6,a
1,1,60a0ebaf69c1d5da,124,161,6,a
0,1,1b205dd87b251765,105,29,6,a
1,1,60a0ebaf69c1d5da,65,99,6,a
2,1,99f3bf08a211039b,135,89,6,a
1,1,60a0ebaf69c1d5da,21,26,6,a
1,1,60a0ebaf69c1d5da,101,163,6,a
0,1,1b205dd87b251765,141,140,6,a
2,1,99f3bf08a211039b,98,110,6,a
1,1,60a0ebaf69c1d5da,72,31,6,a
0,1,1b205dd87b251765,126,80,6,a
2,1,99f3bf08a211039b,160,202,6,a
1,1,60a0ebaf69c1d5da,38,100,6,a
2,1,99f3bf08a211039b,189,114,6,a
2,1,99f3bf08a211039b,64,114,6,a
2,1,99f3bf08a211039b,150,46,6,a
2,1,99f3bf08a211039b,102,134,6,a
2,1,99f3bf08a211039b,63,130,6,a
0,1,1b205dd87b251765,103,100,6,a
1,1,60a0ebaf69c1d5da,122,152,6,a
2,1,99f3bf08a211039b,73,113,6,a
0,1,1b205dd87b251765,18,162,6,a
0,1,1b205dd87b251765,24,100,6,a
0,1,1b205dd87b251765,180,110,6,a
1,1,60a0ebaf69c1d5da,32,156,6,a
2,1,99f3bf08a211039b,107,108,6,a
0,1,1b205dd87b251765,166,191,6,a
2,1,99f3bf08a211039b,194,155,6,a
0,1,1b205dd87b251765,188,23,6,a
1,1,60a0ebaf69c1d5da,198,33,6,a
2,1,99f3bf08a211039b,41,30,6,a
0,1,1b205dd87b251765,148,28,6,a
2,1,99f3bf08a211039b,151,28,6,a
1,1,60a0ebaf69c1d5da,137,65,6,a
2,1,99f3bf08a211039b,74,157,6,a
0,1,1b205dd87b251765,17,145,6,a
0,1,1b205dd87b251765,195,83,6,a
0,1,1b205dd87b251765,93,42,6,a
1,1,60a0ebaf69c1d5da,51,44,6,a
1,1,60a0ebaf69c1d5da,125,77,6,a
2,1,99f3bf08a211039b,61,28,6,a
0,1,1b205dd87b251765,95,11,6,a
1,1,60a0ebaf69c1d5da,152,170,6,a
1,1,60a0ebaf69c1d5da,104,61,6,a
0,1,1b205dd87b251765,37,145,6,a
0,1,1b205dd87b251765,175,177,6,a
1,1,60a0ebaf69c1d5da,196,99,6,a
2,1,99f3bf08a211039b,46,150,6,a
2,1,99f3bf08a211039b,202,160,6,a
2,1,99f3bf08a211039b,85,70,6,a
0,1,1b205dd87b251765,29,105,6,a
0,1,1b205dd87b251765,94,66,6,a
2,1,99f3bf08a211039b,82,98,6,a
1,1,60a0ebaf69c1d5da,78,3,6,a
1,1,60a0ebaf69c1d5da,91,152,6,a
1,1,60a0ebaf69c1d5da,156,131,6,a
0,1,1b205dd87b251765,86,44,6,a
0,1,1b205dd87b251765,100,38,6,a
2,1,99f3bf08a211039b,76,179,6,a
0,1,1b205dd87b251765,80,185,6,a
0,1,1b205dd87b251765,11,89,6,a
2,1,99f3bf08a211039b,134,102,7,p
2,1,99f3bf08a211039b,114,64,7,p
0,1,1b205dd87b251765,24,76,7,p
0,1,1b205dd87b251765,44,51,7,p
2,1,99f3bf08a211039b,108,107,7,p
2,1,99f3bf08a211039b,50,115,7,p
2,1,99f3bf08a211039b,40,189,7,p
0,1,1b205dd87b251765,27,105,7,p
2,1,99f3bf08a211039b,2,168,7,p
0,1,1b205dd87b251765,27,18,7,p
0,1,1b205dd87b251765,95,47,7,p
0,1,1b205dd87b251765,56,141,7,p
0,1,1b205dd87b251765,88,200,7,p
0,1,1b205dd87b251765,44,86,7,p
2,1,99f3bf08a211039b,5,125,7,p
2,1,99f3bf08a211039b,2,43,7,p
1,1,60a0ebaf69c1d5da,119,122,7,p
2,1,99f3bf08a211039b,30,42,7,p
2,1,99f3bf08a211039b,46,143,7,p
2,1,99f3bf08a211039b,49,152,7,p
2,1,99f3bf08a211039b,28,61,7,p
1,1,60a0ebaf69c1d5da,198,33,7,p
1,1,60a0ebaf69c1d5da,122,50,7,p
0,1,1b205dd87b251765,13,142,7,p
0,1,1b205dd87b251765,11,24,7,p
1,1,60a0ebaf69c1d5da,25,97,7,p
1,1,60a0ebaf69c1d5da,25,130,7,p
0,1,1b205dd87b251765,34,191,7,p
2,1,99f3bf08a211039b,30,160,7,p
2,1,99f3bf08a211039b,19,171,7,p
2,1,99f3bf08a211039b,143,46,7,p
2,1,99f3bf08a211039b,160,202,7,p
1,1,60a0ebaf69c1d5da,116,32,7,p
1,1,60a0ebaf69c1d5da,54,92,7,p
1,1,60a0ebaf69c1d5da,65,137,7,p
0,1,1b205dd87b251765,23,10,7,p
2,1,99f3bf08a211039b,30,41,7,p
1,1,60a0ebaf69c1d5da,3,91,7,p
1,1,60a0ebaf69c1d5da,119,17,7,p
2,1,99f3bf08a211039b,107,108,7,p
0,1,1b205dd87b251765,90,177,7,p
0,1,1b205dd87b251765,66,138,7,p
1,1,60a0ebaf69c1d5da,81,82,7,p
0,1,1b205dd87b251765,10,23,7,p
0,1,1b205dd87b251765,142,13,7,p
0,1,1b205dd87b251765,11,95,7,p
2,1,99f3bf08a211039b,9,135,7,p
0,1,1b205dd87b251765,37,145,7,p
0,1,1b205dd87b251765,90,148,7,p
1,1,60a0ebaf69c1d5da,124,29,7,p
2,1,99f3bf08a211039b,15,150,7,p
1,1,60a0ebaf69c1d5da,75,139,7,p
2,1,99f3bf08a211039b,8,184,7,p
2,1,99f3bf08a211039b,2,60,7,p
2,1,99f3bf08a211039b,199,123,7,p
1,1,60a0ebaf69c1d5da,57,121,7,p
2,1,99f3bf08a211039b,42,11,7,p
0,1,1b205dd87b251765,18,179,7,p
0,1,1b205dd87b251765,100,182,7,p
0,1,1b205dd87b251765,110,37,7,p
0,1,1b205dd87b251765,83,118,7,p
2,1,99f3bf08a211039b,28,151,7,p
2,1,99f3bf08a211039b,87,136,7,p
0,1,1b205dd87b251765,188,6,7,p
2,1,99f3bf08a211039b,108,88,7,p
0,1,1b205dd87b251765,55,195,7,p
1,1,60a0ebaf69c1d5da,77,100,7,p
2,1,99f3bf08a211039b,61,104,7,p
2,1,99f3bf08a211039b,35,110,7,p
1,1,60a0ebaf69c1d5da,92,196,7,p
1,1,60a0ebaf69c1d5da,25,93,7,p
2,1,99f3bf08a211039b,41,74,7,p
0,1,1b205dd87b251765,27,126,7,p
0,1,1b205dd87b251765,76,98,7,p
2,1,99f3bf08a211039b,45,80,7,p
0,1,1b205dd87b251765,126,56,7,p
2,1,99f3bf08a211039b,153,71,7,p
0,1,1b205dd87b251765,66,94,7,p
1,1,60a0ebaf69c1d5da,26,116,7,p
1,1,60a0ebaf69c1d5da,31,72,7,p
1,1,60a0ebaf69c1d5da,101,146,7,p
1,1,60a0ebaf69c1d5da,92,188,7,p
0,1,1b205dd87b251765,86,197,7,p
1,1,60a0ebaf69c1d5da,1,192,7,p
2,1,99f3bf08a211039b,35,117,7,p
2,1,99f3bf08a211039b,5,181,7,p
2,1,99f3bf08a211039b,2,183,7,p
0,1,1b205dd87b251765,0,180,7,p
2,1,99f3bf08a211039b,125,5,7,p
0,1,1b205dd87b251765,23,4,7,p
0,1,1b205dd87b251765,10,103,7,p
1,1,60a0ebaf69c1d5da,26,21,7,p
1,1,60a0ebaf69c1d5da,54,99,7,p
2,1,99f3bf08a211039b,113,73,7,p
2,1,99f3bf08a211039b,69,113,7,p
1,1,60a0ebaf69c1d5da,3,78,7,p
2,1,99f3bf08a211039b,19,63,7,p
0,1,1b205dd87b251765,58,14,7,p
0,1,1b205dd87b251765,4,156,7,p
2,1,99f3bf08a211039b,143,20,7,p
2,1,99f3bf08a211039b,80,170,7,p
0,1,1b205dd87b251765,167,175,7,p
1,1,60a0ebaf69c1d5da,99,65,7,p
2,1,99f3bf08a211039b,19,85,7,p
1,1,60a0ebaf69c1d5da,96,193,7,p
2,1,99f3bf08a211039b,69,176,7,p
2,1,99f3bf08a211039b,85,132,7,p
1,1,60a0ebaf69c1d5da,29,124,7,p
1,1,60a0ebaf69c1d5da,79,101,7,p
2,1,99f3bf08a211039b,71,153,7,p
1,1,60a0ebaf69c1d5da,29,185,7,p
1,1,60a0ebaf69c1d5da,21,186,7,p
1,1,60a0ebaf69c1d5da,100,38,7,p
2,1,99f3bf08a211039b,150,198,7,p
1,1,60a0ebaf69c1d5da,169,164,7,p
2,1,99f3bf08a211039b,189,40,7,p
1,1,60a0ebaf69c1d5da,81,79,7,p
0,1,1b205dd87b251765,10,67,7,p
2,1,99f3bf08a211039b,46,194,7,p
1,1,60a0ebaf69c1d5da,21,178,7,p
0,1,1b205dd87b251765,58,166,7,p
2,1,99f3bf08a211039b,181,5,7,a
0,1,1b205dd87b251765,126,80,7,a
2,1,99f3bf08a211039b,63,130,7,a
0,1,1b205dd87b251765,13,131,7,a
1,1,60a0ebaf69c1d5da,54,92,7,a
2,1,99f3bf08a211039b,132,92,7,a
2,1,99f3bf08a211039b,183,182,7,a
0,1,1b205dd87b251765,166,191,7,a
0,1,1b205dd87b251765,56,145,7,a
0,1,1b205dd87b251765,14,58,7,a
1,1,60a0ebaf69c1d5da,79,45,7,a
2,1,99f3bf08a211039b,125,77,7,a
2,1,99f3bf08a211039b,60,180,7,a
1,1,60a0ebaf69c1d5da,21,26,7,a
2,1,99f3bf08a211039b,88,200,7,a
0,1,1b205dd87b251765,177,90,7,a
0,1,1b205dd87b251765,24,100,7,a
2,1,99f3bf08a211039b,113,138,7,a
2,1,99f3bf08a211039b,123,199,7,a
2,1,99f3bf08a211039b,143,70,7,a
1,1,60a0ebaf69c1d5da,17,145,7,a
1,1,60a0ebaf69c1d5da,82,98,7,a
2,1,99f3bf08a211039b,40,189,7,a
0,1,1b205dd87b251765,195,83,7,a
0,1,1b205dd87b251765,141,140,7,a
2,1,99f3bf08a211039b,92,188,7,a
0,1,1b205dd87b251765,197,105,7,a
1,1,60a0ebaf69c1d5da,122,152,7,a
2,1,99f3bf08a211039b,182,100,7,a
2,1,99f3bf08a211039b,107,108,7,a
1,1,60a0ebaf69c1d5da,116,39,7,a
2,1,99f3bf08a211039b,61,28,7,a
1,1,60a0ebaf69c1d5da,78,3,7,a
0,1,1b205dd87b251765,118,35,7,a
0,1,1b205dd87b251765,164,190,7,a
2,1,99f3bf08a211039b,189,114,7,a
0,1,1b205dd87b251765,95,11,7,a
2,1,99f3bf08a211039b,115,12,7,a
1,1,60a0ebaf69c1d5da,65,99,7,a
0,1,1b205dd87b251765,18,162,7,a
0,1,1b205dd87b251765,23,188,7,a
2,1,99f3bf08a211039b,117,35,7,a
2,1,99f3bf08a211039b,171,19,7,a
0,1,1b205dd87b251765,11,89,7,a
1,1,60a0ebaf69c1d5da,99,65,7,a
1,1,60a0ebaf69c1d5da,91,152,7,a
0,1,1b205dd87b251765,4,156,7,a
1,1,60a0ebaf69c1d5da,33,198,7,a
0,1,1b205dd87b251765,80,185,7,a
2,1,99f3bf08a211039b,180,110,7,a
2,1,99f3bf08a211039b,108,107,7,a
2,1,99f3bf08a211039b,184,8,7,a
1,1,60a0ebaf69c1d5da,192,104,7,a
2,1,99f3bf08a211039b,136,174,7,a
0,1,1b205dd87b251765,142,13,7,a
0,1,1b205dd87b251765,148,28,7,a
1,1,60a0ebaf69c1d5da,101,163,7,a
0,1,1b205dd87b251765,10,67,7,a
0,1,1b205dd87b251765,51,44,7,a
0,1,1b205dd87b251765,66,94,7,a
1,1,60a0ebaf69c1d5da,137,65,7,a
2,1,99f3bf08a211039b,43,190,7,a
1,1,60a0ebaf69c1d5da,32,156,7,a
2,1,99f3bf08a211039b,194,155,7,a
2,1,99f3bf08a211039b,40,189,8,p
2,1,99f3bf08a211039b,42,11,8,p
2,1,99f3bf08a211039b,108,107,8,p
2,1,99f3bf08a211039b,108,88,8,p
1,1,60a0ebaf69c1d5da,116,32,8,p
0,1,1b205dd87b251765,4,23,8,p
2,1,99f3bf08a211039b,50,115,8,p
2,1,99f3bf08a211039b,19,63,8,p
2,1,99f3bf08a211039b,182,166,8,p
0,1,1b205dd87b251765,56,141,8,p
0,1,1b205dd87b251765,47,95,8,p
2,1,99f3bf08a211039b,138,66,8,p
2,1,99f3bf08a211039b,46,194,8,p
1,1,60a0ebaf69c1d5da,119,122,8,p
2,1,99f3bf08a211039b,35,117,8,p
1,1,60a0ebaf69c1d5da,169,164,8,p
1,1,60a0ebaf69c1d5da,79,101,8,p
0,1,1b205dd87b251765,58,14,8,p
2,1,99f3bf08a211039b,73,113,8,p
1,1,60a0ebaf69c1d5da,81,82,8,p
1,1,60a0ebaf69c1d5da,54,99,8,p
2,1,99f3bf08a211039b,85,132,8,p
1,1,60a0ebaf69c1d5da,3,78,8,p
1,1,60a0ebaf69c1d5da,119,17,8,p
1,1,60a0ebaf69c1d5da,104,192,8,p
0,1,1b205dd87b251765,44,51,8,p
2,1,99f3bf08a211039b,5,181,8,p
1,1,60a0ebaf69c1d5da,99,65,8,p
2,1,99f3bf08a211039b,19,171,8,p
0,1,1b205dd87b251765,28,148,8,p
1,1,60a0ebaf69c1d5da,45,79,8,p
0,1,1b205dd87b251765,126,56,8,p
0,1,1b205dd87b251765,27,18,8,p
2,1,99f3bf08a211039b,189,40,8,p
0,1,1b205dd87b251765,90,177,8,p
2,1,99f3bf08a211039b,170,80,8,p
0,1,1b205dd87b251765,149,182,8,p
0,1,1b205dd87b251765,13,142,8,p
1,1,60a0ebaf69c1d5da,99,54,8,p
2,1,99f3bf08a211039b,88,108,8,p
0,1,1b205dd87b251765,83,118,8,p
2,1,99f3bf08a211039b,5,125,8,p
0,1,1b205dd87b251765,179,184,8,p
1,1,60a0ebaf69c1d5da,26,116,8,p
2,1,99f3bf08a211039b,199,123,8,p
0,1,1b205dd87b251765,76,24,8,p
0,1,1b205dd87b251765,23,10,8,p
0,1,1b205dd87b251765,86,197,8,p
0,1,1b205dd87b251765,28,61,8,p
1,1,60a0ebaf69c1d5da,54,92,8,p
2,1,99f3bf08a211039b,2,168,8,p
2,1,99f3bf08a211039b,66,60,8,p
1,1,60a0ebaf69c1d5da,29,137,8,p
2,1,99f3bf08a211039b,20,143,8,p
0,1,1b205dd87b251765,0,180,8,p
0,1,1b205dd87b251765,55,195,8,p
1,1,60a0ebaf69c1d5da,3,91,8,p
0,1,1b205dd87b251765,27,126,8,p
2,1,99f3bf08a211039b,87,136,8,p
2,1,99f3bf08a211039b,190,43,8,p
0,1,1b205dd87b251765,23,4,8,p
0,1,1b205dd87b251765,131,13,8,p
2,1,99f3bf08a211039b,2,183,8,p
1,1,60a0ebaf69c1d5da,69,33,8,p
1,1,60a0ebaf69c1d5da,26,21,8,p
2,1,99f3bf08a211039b,117,133,8,p
0,1,1b205dd87b251765,141,140,8,a
1,1,60a0ebaf69c1d5da,169,30,8,a
1,1,60a0ebaf69c1d5da,17,145,8,a
0,1,1b205dd87b251765,118,35,8,a
2,1,99f3bf08a211039b,132,92,8,a
2,1,99f3bf08a211039b,113,138,8,a
2,1,99f3bf08a211039b,133,117,8,a
2,1,99f3bf08a211039b,107,108,8,a
1,1,60a0ebaf69c1d5da,78,3,8,a
0,1,1b205dd87b251765,18,162,8,a
2,1,99f3bf08a211039b,77,125,8,a
0,1,1b205dd87b251765,177,90,8,a
0,1,1b205dd87b251765,24,100,8,a
1,1,60a0ebaf69c1d5da,54,92,8,a
1,1,60a0ebaf69c1d5da,99,65,8,a
2,1,99f3bf08a211039b,63,130,8,a
0,1,1b205dd87b251765,197,105,8,a
1,1,60a0ebaf69c1d5da,192,104,8,a
2,1,99f3bf08a211039b,171,19,8,a
0,1,1b205dd87b251765,10,67,8,a
2,1,99f3bf08a211039b,194,155,8,a
0,1,1b205dd87b251765,195,83,8,a
2,1,99f3bf08a211039b,43,190,8,a
2,1,99f3bf08a211039b,143,70,8,a
2,1,99f3bf08a211039b,66,94,8,a
0,1,1b205dd87b251765,56,145,8,a
1,1,60a0ebaf69c1d5da,33,198,8,a
0,1,1b205dd87b251765,128,108,8,a
2,1,99f3bf08a211039b,183,182,8,a
0,1,1b205dd87b251765,13,131,8,a
0,1,1b205dd87b251765,108,107,8,a
1,1,60a0ebaf69c1d5da,32,156,8,a
0,1,1b205dd87b251765,148,28,8,a
1,1,60a0ebaf69c1d5da,69,33,9,p
2,1,99f3bf08a211039b,85,132,9,p
1,1,60a0ebaf69c1d5da,30,77,9,p
0,1,1b205dd87b251765,55,195,9,p
2,1,99f3bf08a211039b,161,183,9,p
0,1,1b205dd87b251765,90,177,9,p
0,1,1b205dd87b251765,27,18,9,p
2,1,99f3bf08a211039b,20,143,9,p
2,1,99f3bf08a211039b,117,133,9,p
0,1,1b205dd87b251765,108,128,9,p
1,1,60a0ebaf69c1d5da,104,192,9,p
1,1,60a0ebaf69c1d5da,96,70,9,p
1,1,60a0ebaf69c1d5da,54,99,9,p
0,1,1b205dd87b251765,131,13,9,p
0,1,1b205dd87b251765,126,56,9,p
2,1,99f3bf08a211039b,60,66,9,p
2,1,99f3bf08a211039b,190,43,9,p
1,1,60a0ebaf69c1d5da,21,107,9,p
2,1,99f3bf08a211039b,88,108,9,p
1,1,60a0ebaf69c1d5da,119,17,9,p
2,1,99f3bf08a211039b,19,63,9,p
1,1,60a0ebaf69c1d5da,116,32,9,p
1,1,60a0ebaf69c1d5da,3,78,9,p
0,1,1b205dd87b251765,76,24,9,p
1,1,60a0ebaf69c1d5da,30,169,9,p
0,1,1b205dd87b251765,51,44,9,p
0,1,1b205dd87b251765,0,172,9,p
2,1,99f3bf08a211039b,2,168,9,p
1,1,60a0ebaf69c1d5da,92,54,9,p
2,1,99f3bf08a211039b,73,113,9,p
0,1,1b205dd87b251765,35,118,9,p
2,1,99f3bf08a211039b,19,171,9,p
0,1,1b205dd87b251765,86,197,9,p
0,1,1b205dd87b251765,28,148,9,p
2,1,99f3bf08a211039b,46,194,9,p
0,1,1b205dd87b251765,56,141,9,p
0,1,1b205dd87b251765,23,10,9,p
1,1,60a0ebaf69c1d5da,144,127,9,a
0,1,1b205dd87b251765,128,108,9,a
0,1,1b205dd87b251765,90,177,9,a
2,1,99f3bf08a211039b,132,92,9,a
2,1,99f3bf08a211039b,171,19,9,a
0,1,1b205dd87b251765,172,108,9,a
1,1,60a0ebaf69c1d5da,25,155,9,a
1,1,60a0ebaf69c1d5da,77,125,9,a
0,1,1b205dd87b251765,24,100,9,a
0,1,1b205dd87b251765,177,90,9,a
1,1,60a0ebaf69c1d5da,70,143,9,a
0,1,1b205dd87b251765,197,105,9,a
2,1,99f3bf08a211039b,187,3,9,a
1,1,60a0ebaf69c1d5da,129,57,9,a
2,1,99f3bf08a211039b,8,197,9,a
1,1,60a0ebaf69c1d5da,169,30,9,a
0,1,1b205dd87b251765,131,13,9,a
2,1,99f3bf08a211039b,113,138,9,a
0,1,1b205dd87b251765,140,141,9,a
0,1,1b205dd87b251765,44,188,9,a
0,1,1b205dd87b251765,195,83,9,a
0,1,1b205dd87b251765,118,35,9,a
1,1,60a0ebaf69c1d5da,32,156,9,a
2,1,99f3bf08a211039b,111,174,9,a
0,1,1b205dd87b251765,148,28,9,a
0,1,1b205dd87b251765,109,25,9,a
1,1,60a0ebaf69c1d5da,99,65,9,a
1,1,60a0ebaf69c1d5da,17,145,9,a
2,1,99f3bf08a211039b,22,201,9,a
1,1,60a0ebaf69c1d5da,33,198,9,a
0,1,1b205dd87b251765,86,197,10,p
1,1,60a0ebaf69c1d5da,54,99,10,p
0,1,1b205dd87b251765,108,128,10,p
2,1,99f3bf08a211039b,73,113,10,p
1,1,60a0ebaf69c1d5da,69,33,10,p
2,1,99f3bf08a211039b,19,171,10,p
2,1,99f3bf08a211039b,48,3,10,p
0,1,1b205dd87b251765,28,22,10,p
0,1,1b205dd87b251765,44,134,10,p
0,1,1b205dd87b251765,108,172,10,p
2,1,99f3bf08a211039b,85,132,10,p
1,1,60a0ebaf69c1d5da,57,129,10,p
2,1,99f3bf08a211039b,160,140,10,p
1,1,60a0ebaf69c1d5da,30,77,10,p
2,1,99f3bf08a211039b,200,90,10,p
1,1,60a0ebaf69c1d5da,116,32,10,p
0,1,1b205dd87b251765,142,127,10,p
1,1,60a0ebaf69c1d5da,77,30,10,p
1,1,60a0ebaf69c1d5da,96,70,10,p
0,1,1b205dd87b251765,25,109,10,p
2,1,99f3bf08a211039b,133,26,10,p
0,1,1b205dd87b251765,95,177,10,p
2,1,99f3bf08a211039b,9,158,10,p
1,1,60a0ebaf69c1d5da,156,131,10,p
0,1,1b205dd87b251765,51,44,10,p
1,1,60a0ebaf69c1d5da,45,187,10,p
0,1,1b205dd87b251765,162,8,10,p
