# Wed Nov 22 12:16:08 2017
#simulation with:
#SEED 1
#N_AGENTS 203
#N_USERS 200
#N_SOURCES 3
#P_a 0.025
#P_s 0.25
#dim 3
#time 100
#memorySize 1
source,timec,news,ag1,ag2,time,type
2,1,9cb8b0c207b943a0,2,2,1,c
0,1,95021d874d17cbee,0,0,1,c
1,1,13eef3a76b310aeb,1,1,1,c
2,1,9cb8b0c207b943a0,2,112,2,p
0,1,95021d874d17cbee,0,149,2,p
1,1,13eef3a76b310aeb,1,94,2,p
0,1,95021d874d17cbee,0,193,2,p
2,1,9cb8b0c207b943a0,2,198,2,p
2,1,9cb8b0c207b943a0,2,105,2,p
0,1,95021d874d17cbee,0,179,2,p
1,1,13eef3a76b310aeb,1,146,2,p
0,1,95021d874d17cbee,0,183,2,p
0,1,95021d874d17cbee,0,114,2,p
0,1,95021d874d17cbee,114,132,2,p
0,1,95021d874d17cbee,0,88,2,p
0,1,95021d874d17cbee,149,153,2,a
2,1,9cb8b0c207b943a0,112,17,2,a
0,1,95021d874d17cbee,193,93,2,a
0,1,95021d874d17cbee,114,148,2,a
0,1,95021d874d17cbee,88,190,2,a
0,1,95021d874d17cbee,183,29,2,a
1,1,13eef3a76b310aeb,94,100,2,a
0,1,95021d874d17cbee,132,31,2,a
0,1,95021d874d17cbee,179,184,2,a
1,1,13eef3a76b310aeb,146,180,2,a
2,1,9cb8b0c207b943a0,198,18,2,a
2,1,9cb8b0c207b943a0,105,54,2,a
0,1,95021d874d17cbee,88,106,3,p
0,1,95021d874d17cbee,31,132,3,p
2,1,9cb8b0c207b943a0,17,112,3,p
0,1,95021d874d17cbee,69,149,3,p
2,1,9cb8b0c207b943a0,17,172,3,p
2,1,9cb8b0c207b943a0,54,105,3,p
0,1,95021d874d17cbee,93,193,3,p
2,1,9cb8b0c207b943a0,17,198,3,p
0,1,95021d874d17cbee,69,34,3,p
0,1,95021d874d17cbee,132,114,3,p
1,1,13eef3a76b310aeb,100,94,3,p
0,1,95021d874d17cbee,106,88,3,p
1,1,13eef3a76b310aeb,180,146,3,p
0,1,95021d874d17cbee,29,183,3,p
0,1,95021d874d17cbee,184,179,3,p
0,1,95021d874d17cbee,106,54,3,a
0,1,95021d874d17cbee,88,190,3,a
0,1,95021d874d17cbee,132,31,3,a
1,1,13eef3a76b310aeb,94,100,3,a
0,1,95021d874d17cbee,179,184,3,a
2,1,9cb8b0c207b943a0,112,17,3,a
0,1,95021d874d17cbee,114,148,3,a
0,1,95021d874d17cbee,183,29,3,a
0,1,95021d874d17cbee,149,153,3,a
2,1,9cb8b0c207b943a0,198,18,3,a
2,1,9cb8b0c207b943a0,105,54,3,a
0,1,95021d874d17cbee,184,179,4,p
0,1,95021d874d17cbee,93,66,4,p
0,1,95021d874d17cbee,149,163,4,p
1,1,13eef3a76b310aeb,1,50,4,p
1,1,13eef3a76b310aeb,146,28,4,p
0,1,95021d874d17cbee,88,106,4,p
2,1,9cb8b0c207b943a0,2,84,4,p
1,1,13eef3a76b310aeb,1,176,4,p
1,1,13eef3a76b310aeb,1,65,4,p
1,1,13eef3a76b310aeb,1,131,4,p
2,1,9cb8b0c207b943a0,54,127,4,p
1,1,13eef3a76b310aeb,1,80,4,p
2,1,9cb8b0c207b943a0,198,169,4,p
1,1,13eef3a76b310aeb,1,151,4,p
0,1,95021d874d17cbee,66,93,4,p
0,1,95021d874d17cbee,69,87,4,p
1,1,13eef3a76b310aeb,50,64,4,p
0,1,95021d874d17cbee,31,132,4,p
2,1,9cb8b0c207b943a0,18,188,4,p
0,1,95021d874d17cbee,132,114,4,p
0,1,95021d874d17cbee,193,109,4,p
0,1,95021d874d17cbee,29,183,4,p
0,1,95021d874d17cbee,69,186,4,p
1,1,13eef3a76b310aeb,100,94,4,p
2,1,9cb8b0c207b943a0,17,198,4,p
2,1,9cb8b0c207b943a0,17,112,4,p
1,1,13eef3a76b310aeb,1,170,4,p
0,1,95021d874d17cbee,69,8,4,p
2,1,9cb8b0c207b943a0,54,105,4,p
0,1,95021d874d17cbee,8,111,4,p
0,1,95021d874d17cbee,69,149,4,p
1,1,13eef3a76b310aeb,131,16,4,p
1,1,13eef3a76b310aeb,170,138,4,p
1,1,13eef3a76b310aeb,28,19,4,p
0,1,95021d874d17cbee,93,47,4,p
0,1,95021d874d17cbee,106,88,4,p
2,1,9cb8b0c207b943a0,169,10,4,p
2,1,9cb8b0c207b943a0,2,79,4,p
0,1,95021d874d17cbee,8,62,4,p
1,1,13eef3a76b310aeb,19,125,4,p
2,1,9cb8b0c207b943a0,112,17,4,p
0,1,95021d874d17cbee,8,175,4,p
2,1,9cb8b0c207b943a0,105,78,4,p
1,1,13eef3a76b310aeb,80,124,4,p
0,1,95021d874d17cbee,186,182,4,p
1,1,13eef3a76b310aeb,1,21,4,p
2,1,9cb8b0c207b943a0,78,132,4,a
0,1,95021d874d17cbee,175,58,4,a
1,1,13eef3a76b310aeb,65,186,4,a
2,1,9cb8b0c207b943a0,17,172,4,a
0,1,95021d874d17cbee,93,92,4,a
0,1,95021d874d17cbee,66,93,4,a
1,1,13eef3a76b310aeb,138,127,4,a
0,1,95021d874d17cbee,182,186,4,a
1,1,13eef3a76b310aeb,176,76,4,a
1,1,13eef3a76b310aeb,124,80,4,a
1,1,13eef3a76b310aeb,100,20,4,a
0,1,95021d874d17cbee,163,149,4,a
2,1,9cb8b0c207b943a0,79,48,4,a
1,1,13eef3a76b310aeb,80,124,4,a
1,1,13eef3a76b310aeb,76,141,4,a
1,1,13eef3a76b310aeb,16,3,4,a
0,1,95021d874d17cbee,109,143,4,a
1,1,13eef3a76b310aeb,125,119,4,a
0,1,95021d874d17cbee,186,137,4,a
1,1,13eef3a76b310aeb,131,58,4,a
0,1,95021d874d17cbee,29,183,4,a
0,1,95021d874d17cbee,47,167,4,a
0,1,95021d874d17cbee,92,93,4,a
0,1,95021d874d17cbee,8,81,4,a
0,1,95021d874d17cbee,114,148,4,a
1,1,13eef3a76b310aeb,58,75,4,a
1,1,13eef3a76b310aeb,50,64,4,a
1,1,13eef3a76b310aeb,21,128,4,a
1,1,13eef3a76b310aeb,127,54,4,a
1,1,13eef3a76b310aeb,94,100,4,a
2,1,9cb8b0c207b943a0,132,31,4,a
2,1,9cb8b0c207b943a0,188,18,4,a
2,1,9cb8b0c207b943a0,84,131,4,a
0,1,95021d874d17cbee,153,149,4,a
1,1,13eef3a76b310aeb,64,30,4,a
2,1,9cb8b0c207b943a0,169,61,4,a
0,1,95021d874d17cbee,62,8,4,a
0,1,95021d874d17cbee,183,29,4,a
1,1,13eef3a76b310aeb,19,41,4,a
1,1,13eef3a76b310aeb,151,72,4,a
0,1,95021d874d17cbee,87,43,4,a
2,1,9cb8b0c207b943a0,10,169,4,a
1,1,13eef3a76b310aeb,28,168,4,a
2,1,9cb8b0c207b943a0,198,18,4,a
1,1,13eef3a76b310aeb,170,73,4,a
2,1,9cb8b0c207b943a0,112,17,4,a
2,1,9cb8b0c207b943a0,131,84,5,p
2,1,9cb8b0c207b943a0,131,59,5,p
1,1,13eef3a76b310aeb,72,92,5,p
1,1,13eef3a76b310aeb,54,52,5,p
0,1,95021d874d17cbee,69,186,5,p
1,1,13eef3a76b310aeb,79,98,5,p
1,1,13eef3a76b310aeb,79,58,5,p
0,1,95021d874d17cbee,149,163,5,p
0,1,95021d874d17cbee,143,57,5,p
2,1,9cb8b0c207b943a0,105,78,5,p
1,1,13eef3a76b310aeb,125,109,5,p
1,1,13eef3a76b310aeb,16,131,5,p
1,1,13eef3a76b310aeb,58,175,5,p
1,1,13eef3a76b310aeb,127,157,5,p
0,1,95021d874d17cbee,193,74,5,p
0,1,95021d874d17cbee,62,36,5,p
2,1,9cb8b0c207b943a0,187,21,5,p
1,1,13eef3a76b310aeb,73,170,5,p
0,1,95021d874d17cbee,193,53,5,p
1,1,13eef3a76b310aeb,3,16,5,p
1,1,13eef3a76b310aeb,176,178,5,p
1,1,13eef3a76b310aeb,1,110,5,p
0,1,95021d874d17cbee,36,7,5,p
2,1,9cb8b0c207b943a0,132,189,5,p
2,1,9cb8b0c207b943a0,59,97,5,p
0,1,95021d874d17cbee,57,143,5,p
1,1,13eef3a76b310aeb,76,176,5,p
0,1,95021d874d17cbee,0,14,5,p
0,1,95021d874d17cbee,87,118,5,p
0,1,95021d874d17cbee,114,197,5,p
2,1,9cb8b0c207b943a0,112,17,5,p
1,1,13eef3a76b310aeb,138,133,5,p
2,1,9cb8b0c207b943a0,132,177,5,p
2,1,9cb8b0c207b943a0,187,32,5,p
2,1,9cb8b0c207b943a0,132,130,5,p
2,1,9cb8b0c207b943a0,2,127,5,p
2,1,9cb8b0c207b943a0,61,135,5,p
0,1,95021d874d17cbee,143,108,5,p
0,1,95021d874d17cbee,190,162,5,p
1,1,13eef3a76b310aeb,72,151,5,p
1,1,13eef3a76b310aeb,138,174,5,p
2,1,9cb8b0c207b943a0,2,90,5,p
1,1,13eef3a76b310aeb,64,123,5,p
0,1,95021d874d17cbee,186,182,5,p
2,1,9cb8b0c207b943a0,18,188,5,p
1,1,13eef3a76b310aeb,19,125,5,p
1,1,13eef3a76b310aeb,1,107,5,p
1,1,13eef3a76b310aeb,92,169,5,p
2,1,9cb8b0c207b943a0,2,43,5,p
1,1,13eef3a76b310aeb,65,45,5,p
2,1,9cb8b0c207b943a0,135,137,5,p
2,1,9cb8b0c207b943a0,188,86,5,p
1,1,13eef3a76b310aeb,79,48,5,p
0,1,95021d874d17cbee,74,120,5,p
1,1,13eef3a76b310aeb,76,77,5,p
1,1,13eef3a76b310aeb,125,142,5,p
1,1,13eef3a76b310aeb,175,22,5,p
2,1,9cb8b0c207b943a0,17,112,5,p
1,1,13eef3a76b310aeb,45,65,5,p
2,1,9cb8b0c207b943a0,86,75,5,p
1,1,13eef3a76b310aeb,72,183,5,p
2,1,9cb8b0c207b943a0,132,55,5,p
2,1,9cb8b0c207b943a0,188,93,5,p
1,1,13eef3a76b310aeb,174,46,5,p
2,1,9cb8b0c207b943a0,137,94,5,p
1,1,13eef3a76b310aeb,28,19,5,p
1,1,13eef3a76b310aeb,3,114,5,p
1,1,13eef3a76b310aeb,100,20,5,p
0,1,95021d874d17cbee,62,8,5,p
2,1,9cb8b0c207b943a0,61,122,5,p
2,1,9cb8b0c207b943a0,137,166,5,p
2,1,9cb8b0c207b943a0,93,47,5,p
0,1,95021d874d17cbee,8,62,5,p
1,1,13eef3a76b310aeb,175,15,5,p
0,1,95021d874d17cbee,120,147,5,p
2,1,9cb8b0c207b943a0,84,100,5,p
1,1,13eef3a76b310aeb,1,173,5,p
1,1,13eef3a76b310aeb,45,124,5,p
2,1,9cb8b0c207b943a0,122,144,5,p
1,1,13eef3a76b310aeb,133,138,5,p
2,1,9cb8b0c207b943a0,43,87,5,p
2,1,9cb8b0c207b943a0,31,132,5,p
1,1,13eef3a76b310aeb,16,201,5,p
0,1,95021d874d17cbee,106,76,5,p
1,1,13eef3a76b310aeb,19,28,5,p
1,1,13eef3a76b310aeb,41,61,5,p
0,1,95021d874d17cbee,0,66,5,p
1,1,13eef3a76b310aeb,3,150,5,p
2,1,9cb8b0c207b943a0,59,60,5,p
2,1,9cb8b0c207b943a0,59,165,5,p
2,1,9cb8b0c207b943a0,189,152,5,p
0,1,95021d874d17cbee,0,202,5,p
2,1,9cb8b0c207b943a0,59,79,5,p
1,1,13eef3a76b310aeb,19,64,5,p
2,1,9cb8b0c207b943a0,17,198,5,p
2,1,9cb8b0c207b943a0,2,29,5,p
1,1,13eef3a76b310aeb,169,10,5,p
0,1,95021d874d17cbee,147,140,5,p
1,1,13eef3a76b310aeb,19,50,5,p
0,1,95021d874d17cbee,57,153,5,p
2,1,9cb8b0c207b943a0,87,200,5,p
2,1,9cb8b0c207b943a0,105,68,5,p
1,1,13eef3a76b310aeb,124,80,5,p
1,1,13eef3a76b310aeb,46,26,5,p
0,1,95021d874d17cbee,162,38,5,a
1,1,13eef3a76b310aeb,16,3,5,a
2,1,9cb8b0c207b943a0,113,105,5,a
2,1,9cb8b0c207b943a0,132,31,5,a
2,1,9cb8b0c207b943a0,32,53,5,a
1,1,13eef3a76b310aeb,138,127,5,a
0,1,95021d874d17cbee,57,19,5,a
1,1,13eef3a76b310aeb,178,123,5,a
0,1,95021d874d17cbee,36,7,5,a
1,1,13eef3a76b310aeb,48,79,5,a
1,1,13eef3a76b310aeb,77,97,5,a
0,1,95021d874d17cbee,66,93,5,a
2,1,9cb8b0c207b943a0,187,69,5,a
1,1,13eef3a76b310aeb,150,3,5,a
1,1,13eef3a76b310aeb,50,64,5,a
2,1,9cb8b0c207b943a0,53,103,5,a
2,1,9cb8b0c207b943a0,43,87,5,a
1,1,13eef3a76b310aeb,58,75,5,a
2,1,9cb8b0c207b943a0,152,182,5,a
2,1,9cb8b0c207b943a0,86,188,5,a
2,1,9cb8b0c207b943a0,87,43,5,a
0,1,95021d874d17cbee,38,162,5,a
2,1,9cb8b0c207b943a0,60,41,5,a
2,1,9cb8b0c207b943a0,90,74,5,a
1,1,13eef3a76b310aeb,109,143,5,a
0,1,95021d874d17cbee,118,107,5,a
2,1,9cb8b0c207b943a0,122,74,5,a
2,1,9cb8b0c207b943a0,165,13,5,a
1,1,13eef3a76b310aeb,3,150,5,a
1,1,13eef3a76b310aeb,72,143,5,a
1,1,13eef3a76b310aeb,45,124,5,a
0,1,95021d874d17cbee,140,180,5,a
2,1,9cb8b0c207b943a0,55,160,5,a
2,1,9cb8b0c207b943a0,112,17,5,a
2,1,9cb8b0c207b943a0,18,188,5,a
2,1,9cb8b0c207b943a0,59,79,5,a
0,1,95021d874d17cbee,120,151,5,a
1,1,13eef3a76b310aeb,52,124,5,a
2,1,9cb8b0c207b943a0,84,131,5,a
2,1,9cb8b0c207b943a0,200,70,5,a
2,1,9cb8b0c207b943a0,177,183,5,a
0,1,95021d874d17cbee,202,159,5,a
1,1,13eef3a76b310aeb,124,80,5,a
0,1,95021d874d17cbee,147,120,5,a
1,1,13eef3a76b310aeb,54,105,5,a
2,1,9cb8b0c207b943a0,68,105,5,a
1,1,13eef3a76b310aeb,174,166,5,a
0,1,95021d874d17cbee,148,114,5,a
0,1,95021d874d17cbee,180,146,5,a
0,1,95021d874d17cbee,62,8,5,a
2,1,9cb8b0c207b943a0,74,122,5,a
1,1,13eef3a76b310aeb,157,13,5,a
2,1,9cb8b0c207b943a0,29,183,5,a
2,1,9cb8b0c207b943a0,17,172,5,a
1,1,13eef3a76b310aeb,133,146,5,a
1,1,13eef3a76b310aeb,73,37,5,a
0,1,95021d874d17cbee,186,137,5,a
1,1,13eef3a76b310aeb,119,125,5,a
0,1,95021d874d17cbee,151,72,5,a
0,1,95021d874d17cbee,153,149,5,a
1,1,13eef3a76b310aeb,92,93,5,a
0,1,95021d874d17cbee,107,118,5,a
0,1,95021d874d17cbee,163,149,5,a
1,1,13eef3a76b310aeb,166,137,5,a
1,1,13eef3a76b310aeb,80,124,5,a
1,1,13eef3a76b310aeb,125,119,5,a
1,1,13eef3a76b310aeb,98,79,5,a
1,1,13eef3a76b310aeb,20,100,5,a
1,1,13eef3a76b310aeb,75,86,5,a
0,1,95021d874d17cbee,197,185,5,a
1,1,13eef3a76b310aeb,176,76,5,a
2,1,9cb8b0c207b943a0,189,192,5,a
2,1,9cb8b0c207b943a0,182,186,5,a
2,1,9cb8b0c207b943a0,144,12,5,a
1,1,13eef3a76b310aeb,142,191,5,a
1,1,13eef3a76b310aeb,76,141,5,a
2,1,9cb8b0c207b943a0,47,167,5,a
2,1,9cb8b0c207b943a0,198,18,5,a
1,1,13eef3a76b310aeb,26,191,5,a
1,1,13eef3a76b310aeb,28,168,5,a
1,1,13eef3a76b310aeb,110,186,5,a
2,1,9cb8b0c207b943a0,188,18,5,a
1,1,13eef3a76b310aeb,46,85,5,a
0,1,95021d874d17cbee,7,195,5,a
0,1,95021d874d17cbee,108,155,5,a
2,1,9cb8b0c207b943a0,135,137,5,a
1,1,13eef3a76b310aeb,173,23,5,a
2,1,9cb8b0c207b943a0,137,186,5,a
1,1,13eef3a76b310aeb,143,109,5,a
2,1,9cb8b0c207b943a0,130,73,5,a
0,1,95021d874d17cbee,159,85,5,a
1,1,13eef3a76b310aeb,22,60,5,a
1,1,13eef3a76b310aeb,100,20,5,a
1,1,13eef3a76b310aeb,201,42,5,a
2,1,9cb8b0c207b943a0,70,16,5,a
1,1,13eef3a76b310aeb,97,61,5,a
1,1,13eef3a76b310aeb,61,97,5,a
1,1,13eef3a76b310aeb,46,174,6,p
1,1,13eef3a76b310aeb,3,150,6,p
1,1,13eef3a76b310aeb,123,178,6,p
2,1,9cb8b0c207b943a0,32,53,6,p
1,1,13eef3a76b310aeb,109,24,6,p
1,1,13eef3a76b310aeb,1,107,6,p
2,1,9cb8b0c207b943a0,167,47,6,p
2,1,9cb8b0c207b943a0,18,185,6,p
2,1,9cb8b0c207b943a0,18,39,6,p
2,1,9cb8b0c207b943a0,130,104,6,p
2,1,9cb8b0c207b943a0,17,112,6,p
1,1,13eef3a76b310aeb,42,201,6,p
1,1,13eef3a76b310aeb,46,26,6,p
2,1,9cb8b0c207b943a0,47,189,6,p
1,1,13eef3a76b310aeb,24,109,6,p
2,1,9cb8b0c207b943a0,31,132,6,p
2,1,9cb8b0c207b943a0,59,97,6,p
2,1,9cb8b0c207b943a0,53,32,6,p
2,1,9cb8b0c207b943a0,172,40,6,p
2,1,9cb8b0c207b943a0,43,87,6,p
2,1,9cb8b0c207b943a0,105,68,6,p
2,1,9cb8b0c207b943a0,70,200,6,p
2,1,9cb8b0c207b943a0,39,160,6,p
0,1,95021d874d17cbee,0,83,6,p
2,1,9cb8b0c207b943a0,87,118,6,p
2,1,9cb8b0c207b943a0,16,70,6,p
1,1,13eef3a76b310aeb,60,77,6,p
2,1,9cb8b0c207b943a0,39,95,6,p
2,1,9cb8b0c207b943a0,94,137,6,p
2,1,9cb8b0c207b943a0,39,143,6,p
1,1,13eef3a76b310aeb,168,159,6,p
2,1,9cb8b0c207b943a0,131,84,6,p
2,1,9cb8b0c207b943a0,95,191,6,p
1,1,13eef3a76b310aeb,127,138,6,p
2,1,9cb8b0c207b943a0,2,139,6,p
1,1,13eef3a76b310aeb,93,92,6,p
0,1,95021d874d17cbee,120,147,6,p
2,1,9cb8b0c207b943a0,69,186,6,p
2,1,9cb8b0c207b943a0,74,90,6,p
1,1,13eef3a76b310aeb,77,18,6,p
2,1,9cb8b0c207b943a0,32,96,6,p
2,1,9cb8b0c207b943a0,40,155,6,p
2,1,9cb8b0c207b943a0,105,44,6,p
1,1,13eef3a76b310aeb,166,5,6,p
1,1,13eef3a76b310aeb,46,180,6,p
2,1,9cb8b0c207b943a0,87,69,6,p
2,1,9cb8b0c207b943a0,59,134,6,p
2,1,9cb8b0c207b943a0,53,75,6,p
2,1,9cb8b0c207b943a0,59,165,6,p
2,1,9cb8b0c207b943a0,95,162,6,p
1,1,13eef3a76b310aeb,1,113,6,p
2,1,9cb8b0c207b943a0,155,148,6,p
2,1,9cb8b0c207b943a0,32,73,6,p
1,1,13eef3a76b310aeb,13,157,6,p
1,1,13eef3a76b310aeb,30,136,6,p
1,1,13eef3a76b310aeb,125,142,6,p
1,1,13eef3a76b310aeb,169,61,6,p
2,1,9cb8b0c207b943a0,152,145,6,p
2,1,9cb8b0c207b943a0,70,102,6,p
2,1,9cb8b0c207b943a0,96,108,6,p
2,1,9cb8b0c207b943a0,143,57,6,p
2,1,9cb8b0c207b943a0,69,188,6,p
2,1,9cb8b0c207b943a0,132,154,6,p
2,1,9cb8b0c207b943a0,41,60,6,p
2,1,9cb8b0c207b943a0,162,190,6,p
2,1,9cb8b0c207b943a0,59,116,6,p
0,1,95021d874d17cbee,147,140,6,p
1,1,13eef3a76b310aeb,76,176,6,p
1,1,13eef3a76b310aeb,79,48,6,p
2,1,9cb8b0c207b943a0,2,25,6,p
2,1,9cb8b0c207b943a0,155,6,6,p
1,1,13eef3a76b310aeb,26,46,6,p
2,1,9cb8b0c207b943a0,2,199,6,p
1,1,13eef3a76b310aeb,121,173,6,p
2,1,9cb8b0c207b943a0,96,82,6,p
2,1,9cb8b0c207b943a0,84,100,6,p
1,1,13eef3a76b310aeb,28,156,6,p
1,1,13eef3a76b310aeb,125,119,6,p
2,1,9cb8b0c207b943a0,12,31,6,p
0,1,95021d874d17cbee,0,128,6,p
1,1,13eef3a76b310aeb,138,133,6,p
2,1,9cb8b0c207b943a0,144,181,6,p
1,1,13eef3a76b310aeb,80,38,6,p
1,1,13eef3a76b310aeb,136,153,6,p
2,1,9cb8b0c207b943a0,112,17,6,p
1,1,13eef3a76b310aeb,86,117,6,p
2,1,9cb8b0c207b943a0,6,141,6,p
0,1,95021d874d17cbee,0,91,6,p
2,1,9cb8b0c207b943a0,73,130,6,p
1,1,13eef3a76b310aeb,52,54,6,p
2,1,9cb8b0c207b943a0,73,152,6,p
1,1,13eef3a76b310aeb,153,197,6,p
2,1,9cb8b0c207b943a0,53,121,6,p
2,1,9cb8b0c207b943a0,41,164,6,p
0,1,95021d874d17cbee,114,184,6,p
1,1,13eef3a76b310aeb,99,129,6,p
2,1,9cb8b0c207b943a0,60,22,6,p
1,1,13eef3a76b310aeb,54,52,6,p
0,1,95021d874d17cbee,7,20,6,p
1,1,13eef3a76b310aeb,150,3,6,p
2,1,9cb8b0c207b943a0,70,80,6,p
2,1,9cb8b0c207b943a0,74,55,6,p
1,1,13eef3a76b310aeb,24,187,6,p
2,1,9cb8b0c207b943a0,2,11,6,p
2,1,9cb8b0c207b943a0,141,76,6,p
2,1,9cb8b0c207b943a0,17,198,6,p
0,1,95021d874d17cbee,0,14,6,p
1,1,13eef3a76b310aeb,3,16,6,p
0,1,95021d874d17cbee,20,7,6,p
2,1,9cb8b0c207b943a0,132,177,6,p
1,1,13eef3a76b310aeb,45,124,6,p
1,1,13eef3a76b310aeb,79,58,6,p
2,1,9cb8b0c207b943a0,87,43,6,p
1,1,13eef3a76b310aeb,1,151,6,p
2,1,9cb8b0c207b943a0,55,74,6,p
1,1,13eef3a76b310aeb,64,50,6,p
1,1,13eef3a76b310aeb,93,66,6,p
0,1,95021d874d17cbee,120,42,6,p
2,1,9cb8b0c207b943a0,137,135,6,p
2,1,9cb8b0c207b943a0,22,122,6,p
1,1,13eef3a76b310aeb,125,192,6,p
2,1,9cb8b0c207b943a0,116,98,6,p
2,1,9cb8b0c207b943a0,60,59,6,p
1,1,13eef3a76b310aeb,156,110,6,p
1,1,13eef3a76b310aeb,18,163,6,p
2,1,9cb8b0c207b943a0,96,196,6,p
2,1,9cb8b0c207b943a0,39,182,6,p
2,1,9cb8b0c207b943a0,95,161,6,p
2,1,9cb8b0c207b943a0,60,41,6,p
2,1,9cb8b0c207b943a0,95,71,6,p
2,1,9cb8b0c207b943a0,31,49,6,p
2,1,9cb8b0c207b943a0,47,115,6,p
2,1,9cb8b0c207b943a0,6,33,6,p
2,1,9cb8b0c207b943a0,152,62,6,p
2,1,9cb8b0c207b943a0,167,29,6,p
1,1,13eef3a76b310aeb,146,28,6,p
2,1,9cb8b0c207b943a0,12,144,6,p
2,1,9cb8b0c207b943a0,74,120,6,p
1,1,13eef3a76b310aeb,159,202,6,p
2,1,9cb8b0c207b943a0,75,86,6,p
2,1,9cb8b0c207b943a0,32,27,6,p
1,1,13eef3a76b310aeb,30,63,6,p
0,1,95021d874d17cbee,7,36,6,p
1,1,13eef3a76b310aeb,109,125,6,p
2,1,9cb8b0c207b943a0,11,89,6,p
2,1,9cb8b0c207b943a0,31,12,6,p
2,1,9cb8b0c207b943a0,25,166,6,p
1,1,13eef3a76b310aeb,65,45,6,p
1,1,13eef3a76b310aeb,92,72,6,p
2,1,9cb8b0c207b943a0,102,85,6,p
2,1,9cb8b0c207b943a0,132,31,6,a
1,1,13eef3a76b310aeb,5,166,6,a
0,1,95021d874d17cbee,83,35,6,a
2,1,9cb8b0c207b943a0,69,34,6,a
2,1,9cb8b0c207b943a0,167,47,6,a
2,1,9cb8b0c207b943a0,104,188,6,a
1,1,13eef3a76b310aeb,119,125,6,a
0,1,95021d874d17cbee,35,79,6,a
1,1,13eef3a76b310aeb,3,150,6,a
1,1,13eef3a76b310aeb,187,69,6,a
2,1,9cb8b0c207b943a0,121,173,6,a
1,1,13eef3a76b310aeb,176,76,6,a
2,1,9cb8b0c207b943a0,134,97,6,a
2,1,9cb8b0c207b943a0,186,137,6,a
1,1,13eef3a76b310aeb,63,181,6,a
2,1,9cb8b0c207b943a0,33,109,6,a
1,1,13eef3a76b310aeb,52,124,6,a
2,1,9cb8b0c207b943a0,139,201,6,a
1,1,13eef3a76b310aeb,37,73,6,a
2,1,9cb8b0c207b943a0,11,89,6,a
1,1,13eef3a76b310aeb,61,97,6,a
2,1,9cb8b0c207b943a0,41,60,6,a
2,1,9cb8b0c207b943a0,112,17,6,a
0,1,95021d874d17cbee,20,100,6,a
1,1,13eef3a76b310aeb,125,119,6,a
0,1,95021d874d17cbee,128,21,6,a
1,1,13eef3a76b310aeb,38,162,6,a
2,1,9cb8b0c207b943a0,82,189,6,a
1,1,13eef3a76b310aeb,150,3,6,a
1,1,13eef3a76b310aeb,54,105,6,a
0,1,95021d874d17cbee,140,180,6,a
2,1,9cb8b0c207b943a0,49,149,6,a
2,1,9cb8b0c207b943a0,201,42,6,a
2,1,9cb8b0c207b943a0,165,13,6,a
0,1,95021d874d17cbee,36,7,6,a
1,1,13eef3a76b310aeb,174,166,6,a
2,1,9cb8b0c207b943a0,102,191,6,a
2,1,9cb8b0c207b943a0,13,165,6,a
2,1,9cb8b0c207b943a0,87,43,6,a
2,1,9cb8b0c207b943a0,190,88,6,a
1,1,13eef3a76b310aeb,26,191,6,a
1,1,13eef3a76b310aeb,181,63,6,a
0,1,95021d874d17cbee,147,120,6,a
2,1,9cb8b0c207b943a0,196,126,6,a
2,1,9cb8b0c207b943a0,95,124,6,a
1,1,13eef3a76b310aeb,24,109,6,a
2,1,9cb8b0c207b943a0,42,201,6,a
2,1,9cb8b0c207b943a0,31,132,6,a
2,1,9cb8b0c207b943a0,122,74,6,a
2,1,9cb8b0c207b943a0,137,186,6,a
2,1,9cb8b0c207b943a0,160,55,6,a
2,1,9cb8b0c207b943a0,155,51,6,a
1,1,13eef3a76b310aeb,107,118,6,a
2,1,9cb8b0c207b943a0,47,167,6,a
1,1,13eef3a76b310aeb,92,93,6,a
2,1,9cb8b0c207b943a0,40,172,6,a
1,1,13eef3a76b310aeb,156,176,6,a
2,1,9cb8b0c207b943a0,53,103,6,a
2,1,9cb8b0c207b943a0,152,182,6,a
2,1,9cb8b0c207b943a0,74,122,6,a
0,1,95021d874d17cbee,180,146,6,a
2,1,9cb8b0c207b943a0,29,183,6,a
2,1,9cb8b0c207b943a0,85,159,6,a
2,1,9cb8b0c207b943a0,70,16,6,a
1,1,13eef3a76b310aeb,77,97,6,a
2,1,9cb8b0c207b943a0,32,53,6,a
2,1,9cb8b0c207b943a0,89,11,6,a
2,1,9cb8b0c207b943a0,145,141,6,a
1,1,13eef3a76b310aeb,129,41,6,a
1,1,13eef3a76b310aeb,46,85,6,a
1,1,13eef3a76b310aeb,48,79,6,a
2,1,9cb8b0c207b943a0,148,114,6,a
1,1,13eef3a76b310aeb,18,188,6,a
2,1,9cb8b0c207b943a0,75,86,6,a
1,1,13eef3a76b310aeb,157,13,6,a
2,1,9cb8b0c207b943a0,6,155,6,a
2,1,9cb8b0c207b943a0,17,172,6,a
1,1,13eef3a76b310aeb,142,191,6,a
2,1,9cb8b0c207b943a0,124,80,6,a
1,1,13eef3a76b310aeb,138,127,6,a
0,1,95021d874d17cbee,184,179,6,a
2,1,9cb8b0c207b943a0,44,141,6,a
2,1,9cb8b0c207b943a0,189,192,6,a
2,1,9cb8b0c207b943a0,144,12,6,a
2,1,9cb8b0c207b943a0,55,160,6,a
2,1,9cb8b0c207b943a0,154,195,6,a
1,1,13eef3a76b310aeb,72,143,6,a
1,1,13eef3a76b310aeb,178,123,6,a
2,1,9cb8b0c207b943a0,96,82,6,a
2,1,9cb8b0c207b943a0,51,155,6,a
2,1,9cb8b0c207b943a0,60,41,6,a
2,1,9cb8b0c207b943a0,177,183,6,a
1,1,13eef3a76b310aeb,45,124,6,a
0,1,95021d874d17cbee,91,4,6,a
2,1,9cb8b0c207b943a0,141,76,6,a
1,1,13eef3a76b310aeb,109,143,6,a
1,1,13eef3a76b310aeb,58,75,6,a
1,1,13eef3a76b310aeb,73,170,6,a
2,1,9cb8b0c207b943a0,185,197,6,a
2,1,9cb8b0c207b943a0,71,27,6,a
2,1,9cb8b0c207b943a0,86,188,6,a
2,1,9cb8b0c207b943a0,188,18,6,a
2,1,9cb8b0c207b943a0,130,73,6,a
2,1,9cb8b0c207b943a0,90,74,6,a
2,1,9cb8b0c207b943a0,199,48,6,a
2,1,9cb8b0c207b943a0,159,85,6,a
1,1,13eef3a76b310aeb,192,189,6,a
2,1,9cb8b0c207b943a0,115,47,6,a
2,1,9cb8b0c207b943a0,27,182,6,a
1,1,13eef3a76b310aeb,136,30,6,a
2,1,9cb8b0c207b943a0,103,53,6,a
1,1,13eef3a76b310aeb,118,107,6,a
1,1,13eef3a76b310aeb,28,168,6,a
1,1,13eef3a76b310aeb,191,102,6,a
2,1,9cb8b0c207b943a0,164,41,6,a
0,1,95021d874d17cbee,81,8,6,a
2,1,9cb8b0c207b943a0,25,171,6,a
2,1,9cb8b0c207b943a0,12,144,6,a
1,1,13eef3a76b310aeb,113,105,6,a
2,1,9cb8b0c207b943a0,116,98,6,a
2,1,9cb8b0c207b943a0,98,79,6,a
2,1,9cb8b0c207b943a0,39,18,6,a
2,1,9cb8b0c207b943a0,161,189,6,a
2,1,9cb8b0c207b943a0,59,79,6,a
2,1,9cb8b0c207b943a0,59,165,7,p
1,1,13eef3a76b310aeb,156,28,7,p
2,1,9cb8b0c207b943a0,19,4,7,p
1,1,13eef3a76b310aeb,127,138,7,p
2,1,9cb8b0c207b943a0,112,17,7,p
1,1,13eef3a76b310aeb,65,45,7,p
1,1,13eef3a76b310aeb,77,18,7,p
1,1,13eef3a76b310aeb,46,180,7,p
2,1,9cb8b0c207b943a0,164,139,7,p
2,1,9cb8b0c207b943a0,6,141,7,p
2,1,9cb8b0c207b943a0,19,53,7,p
2,1,9cb8b0c207b943a0,59,116,7,p
1,1,13eef3a76b310aeb,38,81,7,p
2,1,9cb8b0c207b943a0,155,40,7,p
1,1,13eef3a76b310aeb,30,63,7,p
2,1,9cb8b0c207b943a0,34,185,7,p
1,1,13eef3a76b310aeb,63,30,7,p
2,1,9cb8b0c207b943a0,201,42,7,p
1,1,13eef3a76b310aeb,97,36,7,p
1,1,13eef3a76b310aeb,81,38,7,p
2,1,9cb8b0c207b943a0,86,190,7,p
1,1,13eef3a76b310aeb,26,46,7,p
2,1,9cb8b0c207b943a0,6,33,7,p
1,1,13eef3a76b310aeb,13,157,7,p
2,1,9cb8b0c207b943a0,22,60,7,p
0,1,95021d874d17cbee,7,20,7,p
2,1,9cb8b0c207b943a0,70,102,7,p
2,1,9cb8b0c207b943a0,47,189,7,p
2,1,9cb8b0c207b943a0,186,158,7,p
2,1,9cb8b0c207b943a0,22,122,7,p
2,1,9cb8b0c207b943a0,114,184,7,p
2,1,9cb8b0c207b943a0,69,186,7,p
2,1,9cb8b0c207b943a0,158,99,7,p
2,1,9cb8b0c207b943a0,132,177,7,p
2,1,9cb8b0c207b943a0,53,75,7,p
2,1,9cb8b0c207b943a0,29,167,7,p
1,1,13eef3a76b310aeb,125,119,7,p
1,1,13eef3a76b310aeb,109,24,7,p
2,1,9cb8b0c207b943a0,75,86,7,p
2,1,9cb8b0c207b943a0,27,130,7,p
2,1,9cb8b0c207b943a0,114,148,7,p
1,1,13eef3a76b310aeb,63,181,7,p
2,1,9cb8b0c207b943a0,55,74,7,p
2,1,9cb8b0c207b943a0,33,6,7,p
2,1,9cb8b0c207b943a0,4,91,7,p
0,1,95021d874d17cbee,0,48,7,p
2,1,9cb8b0c207b943a0,148,9,7,p
2,1,9cb8b0c207b943a0,141,44,7,p
2,1,9cb8b0c207b943a0,41,164,7,p
2,1,9cb8b0c207b943a0,53,103,7,p
2,1,9cb8b0c207b943a0,6,155,7,p
0,1,95021d874d17cbee,35,83,7,p
0,1,95021d874d17cbee,0,14,7,p
1,1,13eef3a76b310aeb,127,176,7,p
0,1,95021d874d17cbee,120,147,7,p
2,1,9cb8b0c207b943a0,43,87,7,p
2,1,9cb8b0c207b943a0,34,69,7,p
1,1,13eef3a76b310aeb,3,150,7,p
1,1,13eef3a76b310aeb,109,125,7,p
1,1,13eef3a76b310aeb,125,192,7,p
1,1,13eef3a76b310aeb,105,113,7,p
2,1,9cb8b0c207b943a0,32,27,7,p
2,1,9cb8b0c207b943a0,79,98,7,p
2,1,9cb8b0c207b943a0,19,41,7,p
2,1,9cb8b0c207b943a0,69,188,7,p
2,1,9cb8b0c207b943a0,33,101,7,p
1,1,13eef3a76b310aeb,24,109,7,p
2,1,9cb8b0c207b943a0,31,49,7,p
1,1,13eef3a76b310aeb,45,51,7,p
2,1,9cb8b0c207b943a0,74,90,7,p
2,1,9cb8b0c207b943a0,54,70,7,p
2,1,9cb8b0c207b943a0,167,29,7,p
2,1,9cb8b0c207b943a0,31,132,7,p
2,1,9cb8b0c207b943a0,96,47,7,p
2,1,9cb8b0c207b943a0,27,32,7,p
1,1,13eef3a76b310aeb,181,144,7,p
2,1,9cb8b0c207b943a0,57,56,7,p
2,1,9cb8b0c207b943a0,47,115,7,p
2,1,9cb8b0c207b943a0,141,145,7,p
1,1,13eef3a76b310aeb,15,13,7,p
1,1,13eef3a76b310aeb,30,194,7,p
2,1,9cb8b0c207b943a0,12,31,7,p
2,1,9cb8b0c207b943a0,53,121,7,p
1,1,13eef3a76b310aeb,46,174,7,p
1,1,13eef3a76b310aeb,28,168,7,p
1,1,13eef3a76b310aeb,125,142,7,p
1,1,13eef3a76b310aeb,153,129,7,p
1,1,13eef3a76b310aeb,16,3,7,p
1,1,13eef3a76b310aeb,118,107,7,p
2,1,9cb8b0c207b943a0,95,191,7,p
1,1,13eef3a76b310aeb,92,72,7,p
2,1,9cb8b0c207b943a0,94,137,7,p
2,1,9cb8b0c207b943a0,27,140,7,p
1,1,13eef3a76b310aeb,166,5,7,p
2,1,9cb8b0c207b943a0,74,55,7,p
2,1,9cb8b0c207b943a0,73,37,7,p
2,1,9cb8b0c207b943a0,39,95,7,p
2,1,9cb8b0c207b943a0,79,35,7,p
2,1,9cb8b0c207b943a0,32,73,7,p
1,1,13eef3a76b310aeb,45,124,7,p
2,1,9cb8b0c207b943a0,39,160,7,p
2,1,9cb8b0c207b943a0,34,104,7,p
2,1,9cb8b0c207b943a0,87,118,7,p
2,1,9cb8b0c207b943a0,4,71,7,p
2,1,9cb8b0c207b943a0,35,196,7,p
2,1,9cb8b0c207b943a0,17,112,7,p
1,1,13eef3a76b310aeb,52,54,7,p
2,1,9cb8b0c207b943a0,19,39,7,p
2,1,9cb8b0c207b943a0,11,89,7,p
1,1,13eef3a76b310aeb,97,61,7,p
1,1,13eef3a76b310aeb,16,201,7,p
2,1,9cb8b0c207b943a0,2,199,7,p
1,1,13eef3a76b310aeb,113,171,7,p
1,1,13eef3a76b310aeb,28,156,7,p
1,1,13eef3a76b310aeb,72,92,7,p
2,1,9cb8b0c207b943a0,2,25,7,p
0,1,95021d874d17cbee,21,128,7,p
1,1,13eef3a76b310aeb,30,136,7,p
2,1,9cb8b0c207b943a0,132,154,7,p
1,1,13eef3a76b310aeb,127,58,7,p
1,1,13eef3a76b310aeb,46,26,7,p
2,1,9cb8b0c207b943a0,59,134,7,p
2,1,9cb8b0c207b943a0,32,96,7,p
1,1,13eef3a76b310aeb,168,159,7,p
2,1,9cb8b0c207b943a0,31,12,7,p
2,1,9cb8b0c207b943a0,62,152,7,p
1,1,13eef3a76b310aeb,123,178,7,p
1,1,13eef3a76b310aeb,24,187,7,p
0,1,95021d874d17cbee,7,195,7,p
2,1,9cb8b0c207b943a0,95,161,7,p
1,1,13eef3a76b310aeb,18,77,7,p
1,1,13eef3a76b310aeb,54,52,7,p
2,1,9cb8b0c207b943a0,96,82,7,p
2,1,9cb8b0c207b943a0,102,85,7,p
2,1,9cb8b0c207b943a0,60,59,7,p
2,1,9cb8b0c207b943a0,89,11,7,p
0,1,95021d874d17cbee,193,93,7,a
2,1,9cb8b0c207b943a0,190,88,7,a
2,1,9cb8b0c207b943a0,82,189,7,a
1,1,13eef3a76b310aeb,5,166,7,a
2,1,9cb8b0c207b943a0,139,201,7,a
2,1,9cb8b0c207b943a0,196,126,7,a
0,1,95021d874d17cbee,83,35,7,a
2,1,9cb8b0c207b943a0,47,167,7,a
2,1,9cb8b0c207b943a0,99,158,7,a
2,1,9cb8b0c207b943a0,9,125,7,a
2,1,9cb8b0c207b943a0,69,34,7,a
2,1,9cb8b0c207b943a0,103,53,7,a
1,1,13eef3a76b310aeb,136,30,7,a
2,1,9cb8b0c207b943a0,199,48,7,a
1,1,13eef3a76b310aeb,61,97,7,a
1,1,13eef3a76b310aeb,58,75,7,a
2,1,9cb8b0c207b943a0,53,103,7,a
2,1,9cb8b0c207b943a0,35,79,7,a
1,1,13eef3a76b310aeb,13,165,7,a
2,1,9cb8b0c207b943a0,167,47,7,a
2,1,9cb8b0c207b943a0,42,201,7,a
2,1,9cb8b0c207b943a0,37,73,7,a
2,1,9cb8b0c207b943a0,101,33,7,a
2,1,9cb8b0c207b943a0,155,51,7,a
1,1,13eef3a76b310aeb,194,31,7,a
1,1,13eef3a76b310aeb,30,64,7,a
1,1,13eef3a76b310aeb,113,105,7,a
1,1,13eef3a76b310aeb,38,162,7,a
2,1,9cb8b0c207b943a0,186,137,7,a
1,1,13eef3a76b310aeb,26,191,7,a
2,1,9cb8b0c207b943a0,158,99,7,a
1,1,13eef3a76b310aeb,81,8,7,a
2,1,9cb8b0c207b943a0,116,98,7,a
1,1,13eef3a76b310aeb,174,166,7,a
2,1,9cb8b0c207b943a0,34,69,7,a
2,1,9cb8b0c207b943a0,51,155,7,a
2,1,9cb8b0c207b943a0,148,114,7,a
1,1,13eef3a76b310aeb,168,170,7,a
2,1,9cb8b0c207b943a0,164,41,7,a
2,1,9cb8b0c207b943a0,161,189,7,a
0,1,95021d874d17cbee,146,180,7,a
2,1,9cb8b0c207b943a0,85,159,7,a
2,1,9cb8b0c207b943a0,160,55,7,a
1,1,13eef3a76b310aeb,171,25,7,a
1,1,13eef3a76b310aeb,156,176,7,a
2,1,9cb8b0c207b943a0,184,179,7,a
2,1,9cb8b0c207b943a0,154,195,7,a
1,1,13eef3a76b310aeb,187,69,7,a
2,1,9cb8b0c207b943a0,104,188,7,a
1,1,13eef3a76b310aeb,77,97,7,a
1,1,13eef3a76b310aeb,181,63,7,a
2,1,9cb8b0c207b943a0,32,53,7,a
2,1,9cb8b0c207b943a0,11,89,7,a
2,1,9cb8b0c207b943a0,70,16,7,a
2,1,9cb8b0c207b943a0,172,40,7,a
0,1,95021d874d17cbee,107,118,7,a
1,1,13eef3a76b310aeb,176,76,7,a
2,1,9cb8b0c207b943a0,134,97,7,a
2,1,9cb8b0c207b943a0,95,124,7,a
2,1,9cb8b0c207b943a0,129,41,7,a
2,1,9cb8b0c207b943a0,71,27,7,a
2,1,9cb8b0c207b943a0,141,76,7,a
2,1,9cb8b0c207b943a0,115,47,7,a
2,1,9cb8b0c207b943a0,12,144,7,a
2,1,9cb8b0c207b943a0,40,172,7,a
1,1,13eef3a76b310aeb,119,125,7,a
2,1,9cb8b0c207b943a0,137,186,7,a
1,1,13eef3a76b310aeb,63,181,7,a
0,1,95021d874d17cbee,195,7,7,a
2,1,9cb8b0c207b943a0,49,149,7,a
2,1,9cb8b0c207b943a0,31,132,7,a
1,1,13eef3a76b310aeb,192,189,7,a
2,1,9cb8b0c207b943a0,177,183,7,a
2,1,9cb8b0c207b943a0,44,141,7,a
2,1,9cb8b0c207b943a0,29,183,7,a
2,1,9cb8b0c207b943a0,4,7,7,a
1,1,13eef3a76b310aeb,25,171,7,a
2,1,9cb8b0c207b943a0,56,166,7,a
2,1,9cb8b0c207b943a0,59,79,7,a
2,1,9cb8b0c207b943a0,41,60,7,a
2,1,9cb8b0c207b943a0,39,18,7,a
2,1,9cb8b0c207b943a0,73,170,7,a
2,1,9cb8b0c207b943a0,122,74,7,a
2,1,9cb8b0c207b943a0,90,74,7,a
2,1,9cb8b0c207b943a0,104,34,8,p
2,1,9cb8b0c207b943a0,12,31,8,p
2,1,9cb8b0c207b943a0,94,137,8,p
2,1,9cb8b0c207b943a0,32,73,8,p
2,1,9cb8b0c207b943a0,132,177,8,p
1,1,13eef3a76b310aeb,169,61,8,p
2,1,9cb8b0c207b943a0,201,42,8,p
2,1,9cb8b0c207b943a0,79,35,8,p
2,1,9cb8b0c207b943a0,41,164,8,p
2,1,9cb8b0c207b943a0,7,85,8,p
1,1,13eef3a76b310aeb,46,174,8,p
2,1,9cb8b0c207b943a0,35,83,8,p
2,1,9cb8b0c207b943a0,155,40,8,p
1,1,13eef3a76b310aeb,8,81,8,p
1,1,13eef3a76b310aeb,69,107,8,p
2,1,9cb8b0c207b943a0,6,141,8,p
2,1,9cb8b0c207b943a0,47,115,8,p
2,1,9cb8b0c207b943a0,9,148,8,p
2,1,9cb8b0c207b943a0,166,25,8,p
1,1,13eef3a76b310aeb,46,26,8,p
2,1,9cb8b0c207b943a0,19,53,8,p
2,1,9cb8b0c207b943a0,31,12,8,p
1,1,13eef3a76b310aeb,30,136,8,p
2,1,9cb8b0c207b943a0,17,172,8,p
2,1,9cb8b0c207b943a0,35,196,8,p
2,1,9cb8b0c207b943a0,16,49,8,p
2,1,9cb8b0c207b943a0,57,56,8,p
2,1,9cb8b0c207b943a0,89,11,8,p
2,1,9cb8b0c207b943a0,148,9,8,p
1,1,13eef3a76b310aeb,113,171,8,p
2,1,9cb8b0c207b943a0,74,90,8,p
2,1,9cb8b0c207b943a0,39,160,8,p
2,1,9cb8b0c207b943a0,7,4,8,p
2,1,9cb8b0c207b943a0,99,158,8,p
1,1,13eef3a76b310aeb,28,168,8,p
2,1,9cb8b0c207b943a0,29,167,8,p
2,1,9cb8b0c207b943a0,164,139,8,p
2,1,9cb8b0c207b943a0,48,199,8,p
2,1,9cb8b0c207b943a0,129,99,8,p
1,1,13eef3a76b310aeb,24,187,8,p
2,1,9cb8b0c207b943a0,59,116,8,p
2,1,9cb8b0c207b943a0,167,29,8,p
2,1,9cb8b0c207b943a0,51,161,8,p
2,1,9cb8b0c207b943a0,86,190,8,p
1,1,13eef3a76b310aeb,105,113,8,p
2,1,9cb8b0c207b943a0,41,5,8,p
2,1,9cb8b0c207b943a0,71,146,8,p
1,1,13eef3a76b310aeb,30,63,8,p
1,1,13eef3a76b310aeb,81,38,8,p
2,1,9cb8b0c207b943a0,96,47,8,p
2,1,9cb8b0c207b943a0,34,104,8,p
2,1,9cb8b0c207b943a0,6,155,8,p
2,1,9cb8b0c207b943a0,16,70,8,p
1,1,13eef3a76b310aeb,28,156,8,p
1,1,13eef3a76b310aeb,153,129,8,p
2,1,9cb8b0c207b943a0,7,195,8,p
2,1,9cb8b0c207b943a0,73,186,8,p
2,1,9cb8b0c207b943a0,53,103,8,p
2,1,9cb8b0c207b943a0,60,59,8,p
2,1,9cb8b0c207b943a0,34,69,8,p
1,1,13eef3a76b310aeb,15,13,8,p
2,1,9cb8b0c207b943a0,114,184,8,p
2,1,9cb8b0c207b943a0,59,134,8,p
2,1,9cb8b0c207b943a0,5,41,8,p
1,1,13eef3a76b310aeb,63,181,8,p
1,1,13eef3a76b310aeb,63,30,8,p
2,1,9cb8b0c207b943a0,141,44,8,p
1,1,13eef3a76b310aeb,127,58,8,p
1,1,13eef3a76b310aeb,45,51,8,p
2,1,9cb8b0c207b943a0,73,37,8,p
2,1,9cb8b0c207b943a0,53,193,8,p
2,1,9cb8b0c207b943a0,96,82,8,p
1,1,13eef3a76b310aeb,125,119,8,p
1,1,13eef3a76b310aeb,125,192,8,p
2,1,9cb8b0c207b943a0,39,95,8,p
2,1,9cb8b0c207b943a0,173,23,8,p
2,1,9cb8b0c207b943a0,18,77,8,p
2,1,9cb8b0c207b943a0,33,101,8,p
2,1,9cb8b0c207b943a0,18,39,8,p
2,1,9cb8b0c207b943a0,27,32,8,p
2,1,9cb8b0c207b943a0,22,122,8,p
1,1,13eef3a76b310aeb,30,194,8,p
2,1,9cb8b0c207b943a0,4,71,8,p
1,1,13eef3a76b310aeb,127,176,8,p
2,1,9cb8b0c207b943a0,132,154,8,p
2,1,9cb8b0c207b943a0,122,74,8,a
2,1,9cb8b0c207b943a0,126,196,8,a
2,1,9cb8b0c207b943a0,59,79,8,a
1,1,13eef3a76b310aeb,119,125,8,a
1,1,13eef3a76b310aeb,156,176,8,a
1,1,13eef3a76b310aeb,181,63,8,a
2,1,9cb8b0c207b943a0,35,79,8,a
2,1,9cb8b0c207b943a0,95,124,8,a
1,1,13eef3a76b310aeb,194,31,8,a
2,1,9cb8b0c207b943a0,154,195,8,a
0,1,95021d874d17cbee,111,79,8,a
2,1,9cb8b0c207b943a0,32,53,8,a
2,1,9cb8b0c207b943a0,161,189,8,a
2,1,9cb8b0c207b943a0,172,40,8,a
2,1,9cb8b0c207b943a0,137,186,8,a
1,1,13eef3a76b310aeb,30,64,8,a
1,1,13eef3a76b310aeb,38,162,8,a
2,1,9cb8b0c207b943a0,177,183,8,a
2,1,9cb8b0c207b943a0,103,53,8,a
2,1,9cb8b0c207b943a0,37,73,8,a
2,1,9cb8b0c207b943a0,160,55,8,a
2,1,9cb8b0c207b943a0,44,141,8,a
2,1,9cb8b0c207b943a0,41,60,8,a
2,1,9cb8b0c207b943a0,39,18,8,a
1,1,13eef3a76b310aeb,58,75,8,a
2,1,9cb8b0c207b943a0,88,190,8,a
2,1,9cb8b0c207b943a0,195,7,8,a
2,1,9cb8b0c207b943a0,139,201,8,a
1,1,13eef3a76b310aeb,187,69,8,a
2,1,9cb8b0c207b943a0,167,47,8,a
2,1,9cb8b0c207b943a0,193,93,8,a
2,1,9cb8b0c207b943a0,34,69,8,a
2,1,9cb8b0c207b943a0,196,126,8,a
2,1,9cb8b0c207b943a0,4,7,8,a
1,1,13eef3a76b310aeb,168,170,8,a
2,1,9cb8b0c207b943a0,146,180,8,a
2,1,9cb8b0c207b943a0,9,125,8,a
2,1,9cb8b0c207b943a0,42,201,8,a
1,1,13eef3a76b310aeb,63,181,8,a
2,1,9cb8b0c207b943a0,12,144,8,a
1,1,13eef3a76b310aeb,174,166,8,a
2,1,9cb8b0c207b943a0,104,188,8,a
2,1,9cb8b0c207b943a0,56,166,8,a
2,1,9cb8b0c207b943a0,148,114,8,a
2,1,9cb8b0c207b943a0,199,48,8,a
2,1,9cb8b0c207b943a0,82,189,8,a
1,1,13eef3a76b310aeb,31,132,8,a
2,1,9cb8b0c207b943a0,134,97,8,a
2,1,9cb8b0c207b943a0,106,54,8,a
1,1,13eef3a76b310aeb,171,25,8,a
2,1,9cb8b0c207b943a0,23,173,8,a
2,1,9cb8b0c207b943a0,40,172,8,a
1,1,13eef3a76b310aeb,63,30,9,p
2,1,9cb8b0c207b943a0,73,37,9,p
2,1,9cb8b0c207b943a0,54,106,9,p
2,1,9cb8b0c207b943a0,48,199,9,p
2,1,9cb8b0c207b943a0,7,195,9,p
2,1,9cb8b0c207b943a0,53,193,9,p
2,1,9cb8b0c207b943a0,39,95,9,p
2,1,9cb8b0c207b943a0,35,196,9,p
2,1,9cb8b0c207b943a0,94,137,9,p
2,1,9cb8b0c207b943a0,18,39,9,p
2,1,9cb8b0c207b943a0,57,56,9,p
2,1,9cb8b0c207b943a0,7,4,9,p
2,1,9cb8b0c207b943a0,53,103,9,p
2,1,9cb8b0c207b943a0,83,35,9,p
1,1,13eef3a76b310aeb,24,187,9,p
2,1,9cb8b0c207b943a0,17,172,9,p
2,1,9cb8b0c207b943a0,29,167,9,p
2,1,9cb8b0c207b943a0,201,42,9,p
2,1,9cb8b0c207b943a0,69,34,9,p
2,1,9cb8b0c207b943a0,9,148,9,p
1,1,13eef3a76b310aeb,28,156,9,p
2,1,9cb8b0c207b943a0,34,104,9,p
2,1,9cb8b0c207b943a0,96,82,9,p
2,1,9cb8b0c207b943a0,35,111,9,p
