# Wed Nov 22 12:05:28 2017
#simulation with:
#SEED 1
#N_AGENTS 203
#N_USERS 200
#N_SOURCES 3
#P_a 0.025
#P_s 0.25
#dim 3
#time 100
#memorySize 1
source,timec,news,ag1,ag2,time,type
0,1,29b09d698cae01c9,0,0,1,c
1,1,9ed96540e486dd89,1,1,1,c
2,1,d403162b477eb271,2,2,1,c
2,1,d403162b477eb271,2,19,2,p
2,1,d403162b477eb271,2,103,2,p
0,1,29b09d698cae01c9,0,191,2,p
2,1,d403162b477eb271,2,46,2,p
0,1,29b09d698cae01c9,0,42,2,p
1,1,9ed96540e486dd89,1,153,2,p
0,1,29b09d698cae01c9,191,30,2,p
0,1,29b09d698cae01c9,0,47,2,p
0,1,29b09d698cae01c9,0,113,2,p
2,1,d403162b477eb271,46,79,2,a
2,1,d403162b477eb271,103,184,2,a
0,1,29b09d698cae01c9,47,174,2,a
2,1,d403162b477eb271,19,36,2,a
0,1,29b09d698cae01c9,30,180,2,a
0,1,29b09d698cae01c9,191,109,2,a
0,1,29b09d698cae01c9,113,135,2,a
0,1,29b09d698cae01c9,42,21,2,a
1,1,9ed96540e486dd89,153,148,2,a
2,1,d403162b477eb271,36,19,3,p
2,1,d403162b477eb271,184,103,3,p
0,1,29b09d698cae01c9,135,46,3,p
0,1,29b09d698cae01c9,180,30,3,p
0,1,29b09d698cae01c9,21,42,3,p
1,1,9ed96540e486dd89,148,153,3,p
0,1,29b09d698cae01c9,30,191,3,p
0,1,29b09d698cae01c9,174,47,3,p
0,1,29b09d698cae01c9,135,113,3,p
2,1,d403162b477eb271,19,36,3,a
0,1,29b09d698cae01c9,191,109,3,a
0,1,29b09d698cae01c9,30,180,3,a
2,1,d403162b477eb271,79,46,3,a
1,1,9ed96540e486dd89,153,148,3,a
0,1,29b09d698cae01c9,135,32,3,a
2,1,d403162b477eb271,103,184,3,a
0,1,29b09d698cae01c9,42,21,3,a
2,1,d403162b477eb271,46,79,4,p
0,1,29b09d698cae01c9,135,192,4,p
2,1,d403162b477eb271,36,19,4,p
2,1,d403162b477eb271,19,119,4,p
0,1,29b09d698cae01c9,109,172,4,p
0,1,29b09d698cae01c9,0,101,4,p
0,1,29b09d698cae01c9,47,174,4,p
0,1,29b09d698cae01c9,30,198,4,p
0,1,29b09d698cae01c9,180,44,4,p
0,1,29b09d698cae01c9,30,100,4,p
0,1,29b09d698cae01c9,44,28,4,p
0,1,29b09d698cae01c9,0,25,4,p
0,1,29b09d698cae01c9,100,4,4,p
0,1,29b09d698cae01c9,0,163,4,p
0,1,29b09d698cae01c9,0,111,4,p
0,1,29b09d698cae01c9,30,191,4,p
2,1,d403162b477eb271,2,93,4,p
1,1,9ed96540e486dd89,1,185,4,p
1,1,9ed96540e486dd89,153,127,4,p
2,1,d403162b477eb271,46,135,4,p
1,1,9ed96540e486dd89,1,72,4,p
0,1,29b09d698cae01c9,25,188,4,p
1,1,9ed96540e486dd89,72,22,4,p
2,1,d403162b477eb271,135,51,4,p
0,1,29b09d698cae01c9,163,67,4,p
2,1,d403162b477eb271,2,195,4,p
1,1,9ed96540e486dd89,148,15,4,p
1,1,9ed96540e486dd89,127,153,4,p
2,1,d403162b477eb271,103,39,4,p
0,1,29b09d698cae01c9,0,138,4,p
2,1,d403162b477eb271,195,14,4,p
0,1,29b09d698cae01c9,180,83,4,p
0,1,29b09d698cae01c9,0,182,4,p
2,1,d403162b477eb271,39,66,4,p
1,1,9ed96540e486dd89,1,35,4,p
1,1,9ed96540e486dd89,1,129,4,p
0,1,29b09d698cae01c9,100,17,4,p
0,1,29b09d698cae01c9,44,178,4,p
0,1,29b09d698cae01c9,0,56,4,p
0,1,29b09d698cae01c9,100,30,4,p
0,1,29b09d698cae01c9,182,167,4,p
0,1,29b09d698cae01c9,20,42,4,p
2,1,d403162b477eb271,2,81,4,p
2,1,d403162b477eb271,39,103,4,p
1,1,9ed96540e486dd89,22,9,4,p
1,1,9ed96540e486dd89,1,140,4,p
0,1,29b09d698cae01c9,0,40,4,p
1,1,9ed96540e486dd89,9,165,4,p
2,1,d403162b477eb271,2,53,4,p
0,1,29b09d698cae01c9,182,5,4,a
1,1,9ed96540e486dd89,9,165,4,a
0,1,29b09d698cae01c9,30,180,4,a
1,1,9ed96540e486dd89,129,118,4,a
0,1,29b09d698cae01c9,198,140,4,a
2,1,d403162b477eb271,79,46,4,a
0,1,29b09d698cae01c9,163,156,4,a
0,1,29b09d698cae01c9,67,190,4,a
2,1,d403162b477eb271,39,52,4,a
2,1,d403162b477eb271,19,36,4,a
0,1,29b09d698cae01c9,40,103,4,a
2,1,d403162b477eb271,135,32,4,a
2,1,d403162b477eb271,66,90,4,a
0,1,29b09d698cae01c9,192,104,4,a
2,1,d403162b477eb271,195,166,4,a
2,1,d403162b477eb271,81,61,4,a
0,1,29b09d698cae01c9,188,38,4,a
0,1,29b09d698cae01c9,56,151,4,a
0,1,29b09d698cae01c9,111,137,4,a
2,1,d403162b477eb271,32,135,4,a
2,1,d403162b477eb271,93,11,4,a
0,1,29b09d698cae01c9,140,198,4,a
0,1,29b09d698cae01c9,100,4,4,a
0,1,29b09d698cae01c9,103,184,4,a
1,1,9ed96540e486dd89,72,155,4,a
2,1,d403162b477eb271,51,135,4,a
1,1,9ed96540e486dd89,15,3,4,a
1,1,9ed96540e486dd89,118,129,4,a
1,1,9ed96540e486dd89,153,148,4,a
0,1,29b09d698cae01c9,17,134,4,a
0,1,29b09d698cae01c9,21,90,4,a
1,1,9ed96540e486dd89,185,98,4,a
0,1,29b09d698cae01c9,25,165,4,a
0,1,29b09d698cae01c9,83,180,4,a
1,1,9ed96540e486dd89,22,72,4,a
0,1,29b09d698cae01c9,165,180,4,a
1,1,9ed96540e486dd89,127,201,4,a
0,1,29b09d698cae01c9,28,44,4,a
0,1,29b09d698cae01c9,138,8,4,a
1,1,9ed96540e486dd89,35,108,4,a
0,1,29b09d698cae01c9,42,21,4,a
0,1,29b09d698cae01c9,174,170,4,a
0,1,29b09d698cae01c9,167,190,4,a
2,1,d403162b477eb271,119,63,4,a
0,1,29b09d698cae01c9,101,200,4,a
0,1,29b09d698cae01c9,4,8,4,a
0,1,29b09d698cae01c9,44,28,4,a
0,1,29b09d698cae01c9,172,140,4,a
2,1,d403162b477eb271,53,188,4,a
0,1,29b09d698cae01c9,178,73,4,a
2,1,d403162b477eb271,14,195,4,a
0,1,29b09d698cae01c9,26,56,4,a
0,1,29b09d698cae01c9,156,153,5,p
1,1,9ed96540e486dd89,108,187,5,p
2,1,d403162b477eb271,19,36,5,p
0,1,29b09d698cae01c9,20,42,5,p
0,1,29b09d698cae01c9,21,96,5,p
0,1,29b09d698cae01c9,172,109,5,p
0,1,29b09d698cae01c9,111,193,5,p
0,1,29b09d698cae01c9,20,120,5,p
2,1,d403162b477eb271,36,19,5,p
0,1,29b09d698cae01c9,44,152,5,p
2,1,d403162b477eb271,53,188,5,p
0,1,29b09d698cae01c9,134,143,5,p
0,1,29b09d698cae01c9,165,9,5,p
0,1,29b09d698cae01c9,109,172,5,p
1,1,9ed96540e486dd89,108,84,5,p
0,1,29b09d698cae01c9,5,130,5,p
0,1,29b09d698cae01c9,47,174,5,p
1,1,9ed96540e486dd89,129,154,5,p
0,1,29b09d698cae01c9,9,149,5,p
0,1,29b09d698cae01c9,38,58,5,p
0,1,29b09d698cae01c9,8,138,5,p
1,1,9ed96540e486dd89,3,132,5,p
1,1,9ed96540e486dd89,1,43,5,p
1,1,9ed96540e486dd89,43,171,5,p
0,1,29b09d698cae01c9,5,94,5,p
2,1,d403162b477eb271,2,74,5,p
0,1,29b09d698cae01c9,9,13,5,p
0,1,29b09d698cae01c9,100,45,5,p
0,1,29b09d698cae01c9,13,28,5,p
0,1,29b09d698cae01c9,47,112,5,p
0,1,29b09d698cae01c9,0,158,5,p
0,1,29b09d698cae01c9,56,151,5,p
1,1,9ed96540e486dd89,15,150,5,p
0,1,29b09d698cae01c9,153,127,5,p
0,1,29b09d698cae01c9,42,21,5,p
0,1,29b09d698cae01c9,137,111,5,p
2,1,d403162b477eb271,135,32,5,p
1,1,9ed96540e486dd89,185,98,5,p
0,1,29b09d698cae01c9,167,82,5,p
0,1,29b09d698cae01c9,28,44,5,p
0,1,29b09d698cae01c9,130,128,5,p
0,1,29b09d698cae01c9,56,14,5,p
0,1,29b09d698cae01c9,200,7,5,p
0,1,29b09d698cae01c9,180,83,5,p
2,1,d403162b477eb271,168,35,5,p
2,1,d403162b477eb271,32,135,5,p
2,1,d403162b477eb271,46,79,5,p
1,1,9ed96540e486dd89,148,196,5,p
0,1,29b09d698cae01c9,90,17,5,p
0,1,29b09d698cae01c9,104,192,5,p
0,1,29b09d698cae01c9,94,40,5,p
0,1,29b09d698cae01c9,138,122,5,p
1,1,9ed96540e486dd89,150,123,5,p
0,1,29b09d698cae01c9,14,60,5,p
0,1,29b09d698cae01c9,17,173,5,p
2,1,d403162b477eb271,39,103,5,p
0,1,29b09d698cae01c9,8,4,5,p
0,1,29b09d698cae01c9,100,144,5,p
0,1,29b09d698cae01c9,13,118,5,p
0,1,29b09d698cae01c9,165,25,5,p
1,1,9ed96540e486dd89,1,24,5,p
0,1,29b09d698cae01c9,82,167,5,p
1,1,9ed96540e486dd89,123,105,5,p
1,1,9ed96540e486dd89,1,140,5,p
0,1,29b09d698cae01c9,7,189,5,p
1,1,9ed96540e486dd89,129,165,5,p
1,1,9ed96540e486dd89,140,198,5,p
2,1,d403162b477eb271,11,37,5,p
0,1,29b09d698cae01c9,200,101,5,p
2,1,d403162b477eb271,11,114,5,p
0,1,29b09d698cae01c9,104,166,5,p
1,1,9ed96540e486dd89,22,72,5,p
1,1,9ed96540e486dd89,84,108,5,p
1,1,9ed96540e486dd89,24,77,5,p
0,1,29b09d698cae01c9,4,90,5,p
0,1,29b09d698cae01c9,180,141,5,p
0,1,29b09d698cae01c9,4,34,5,p
0,1,29b09d698cae01c9,34,168,5,p
0,1,29b09d698cae01c9,0,69,5,p
0,1,29b09d698cae01c9,67,163,5,p
2,1,d403162b477eb271,188,53,5,p
0,1,29b09d698cae01c9,5,177,5,p
0,1,29b09d698cae01c9,90,76,5,p
0,1,29b09d698cae01c9,101,63,5,p
0,1,29b09d698cae01c9,13,23,5,p
0,1,29b09d698cae01c9,94,33,5,p
2,1,d403162b477eb271,61,81,5,p
2,1,d403162b477eb271,51,194,5,p
0,1,29b09d698cae01c9,8,129,5,p
0,1,29b09d698cae01c9,14,195,5,p
0,1,29b09d698cae01c9,190,199,5,p
0,1,29b09d698cae01c9,56,26,5,p
0,1,29b09d698cae01c9,63,119,5,p
1,1,9ed96540e486dd89,72,22,5,p
0,1,29b09d698cae01c9,33,93,5,p
0,1,29b09d698cae01c9,33,39,5,p
1,1,9ed96540e486dd89,1,89,5,p
0,1,29b09d698cae01c9,178,70,5,p
1,1,9ed96540e486dd89,196,56,5,p
2,1,d403162b477eb271,19,146,5,p
0,1,29b09d698cae01c9,118,10,5,p
1,1,9ed96540e486dd89,84,157,5,p
1,1,9ed96540e486dd89,3,15,5,p
2,1,d403162b477eb271,135,51,5,p
0,1,29b09d698cae01c9,0,88,5,p
2,1,d403162b477eb271,2,125,5,p
0,1,29b09d698cae01c9,5,121,5,p
0,1,29b09d698cae01c9,5,182,5,p
0,1,29b09d698cae01c9,100,30,5,p
1,1,9ed96540e486dd89,3,185,5,p
1,1,9ed96540e486dd89,43,78,5,p
0,1,29b09d698cae01c9,4,100,5,p
0,1,29b09d698cae01c9,44,178,5,p
0,1,29b09d698cae01c9,94,67,5,p
1,1,9ed96540e486dd89,196,115,5,p
2,1,d403162b477eb271,66,87,5,p
2,1,d403162b477eb271,46,66,5,p
1,1,9ed96540e486dd89,1,179,5,p
2,1,d403162b477eb271,194,155,5,a
2,1,d403162b477eb271,74,90,5,a
0,1,29b09d698cae01c9,63,119,5,a
0,1,29b09d698cae01c9,144,33,5,a
0,1,29b09d698cae01c9,111,137,5,a
1,1,9ed96540e486dd89,43,78,5,a
2,1,d403162b477eb271,52,39,5,a
0,1,29b09d698cae01c9,180,165,5,a
1,1,9ed96540e486dd89,105,123,5,a
0,1,29b09d698cae01c9,94,160,5,a
0,1,29b09d698cae01c9,130,23,5,a
0,1,29b09d698cae01c9,121,79,5,a
0,1,29b09d698cae01c9,93,11,5,a
0,1,29b09d698cae01c9,109,89,5,a
1,1,9ed96540e486dd89,24,159,5,a
0,1,29b09d698cae01c9,34,168,5,a
1,1,9ed96540e486dd89,159,10,5,a
0,1,29b09d698cae01c9,143,134,5,a
0,1,29b09d698cae01c9,182,5,5,a
0,1,29b09d698cae01c9,178,73,5,a
2,1,d403162b477eb271,125,20,5,a
0,1,29b09d698cae01c9,129,118,5,a
1,1,9ed96540e486dd89,185,98,5,a
2,1,d403162b477eb271,188,38,5,a
1,1,9ed96540e486dd89,187,58,5,a
2,1,d403162b477eb271,90,66,5,a
0,1,29b09d698cae01c9,152,54,5,a
0,1,29b09d698cae01c9,88,161,5,a
0,1,29b09d698cae01c9,199,78,5,a
0,1,29b09d698cae01c9,195,166,5,a
0,1,29b09d698cae01c9,13,28,5,a
0,1,29b09d698cae01c9,173,17,5,a
0,1,29b09d698cae01c9,60,193,5,a
1,1,9ed96540e486dd89,15,3,5,a
0,1,29b09d698cae01c9,177,158,5,a
0,1,29b09d698cae01c9,168,34,5,a
1,1,9ed96540e486dd89,123,105,5,a
1,1,9ed96540e486dd89,3,185,5,a
2,1,d403162b477eb271,51,135,5,a
1,1,9ed96540e486dd89,77,126,5,a
0,1,29b09d698cae01c9,7,200,5,a
0,1,29b09d698cae01c9,73,49,5,a
0,1,29b09d698cae01c9,119,63,5,a
0,1,29b09d698cae01c9,158,177,5,a
0,1,29b09d698cae01c9,26,56,5,a
0,1,29b09d698cae01c9,76,140,5,a
0,1,29b09d698cae01c9,79,46,5,a
0,1,29b09d698cae01c9,21,90,5,a
0,1,29b09d698cae01c9,166,195,5,a
0,1,29b09d698cae01c9,42,21,5,a
0,1,29b09d698cae01c9,54,152,5,a
0,1,29b09d698cae01c9,118,129,5,a
2,1,d403162b477eb271,114,61,5,a
0,1,29b09d698cae01c9,33,150,5,a
2,1,d403162b477eb271,19,36,5,a
1,1,9ed96540e486dd89,98,185,5,a
0,1,29b09d698cae01c9,140,198,5,a
1,1,9ed96540e486dd89,108,84,5,a
1,1,9ed96540e486dd89,72,155,5,a
1,1,9ed96540e486dd89,58,187,5,a
0,1,29b09d698cae01c9,120,91,5,a
0,1,29b09d698cae01c9,163,156,5,a
2,1,d403162b477eb271,37,11,5,a
1,1,9ed96540e486dd89,84,108,5,a
0,1,29b09d698cae01c9,193,111,5,a
0,1,29b09d698cae01c9,25,165,5,a
0,1,29b09d698cae01c9,200,101,5,a
0,1,29b09d698cae01c9,45,120,5,a
0,1,29b09d698cae01c9,127,201,5,a
2,1,d403162b477eb271,36,19,5,a
1,1,9ed96540e486dd89,89,109,5,a
1,1,9ed96540e486dd89,179,12,5,a
1,1,9ed96540e486dd89,196,148,5,a
0,1,29b09d698cae01c9,189,7,5,a
0,1,29b09d698cae01c9,160,94,5,a
0,1,29b09d698cae01c9,17,134,5,a
0,1,29b09d698cae01c9,30,180,5,a
0,1,29b09d698cae01c9,174,170,5,a
2,1,d403162b477eb271,66,90,5,a
2,1,d403162b477eb271,39,52,5,a
0,1,29b09d698cae01c9,151,143,5,a
1,1,9ed96540e486dd89,154,23,5,a
0,1,29b09d698cae01c9,67,190,5,a
0,1,29b09d698cae01c9,70,92,5,a
0,1,29b09d698cae01c9,4,8,5,a
2,1,d403162b477eb271,32,135,5,a
0,1,29b09d698cae01c9,192,104,5,a
0,1,29b09d698cae01c9,141,35,5,a
0,1,29b09d698cae01c9,128,144,5,a
0,1,29b09d698cae01c9,167,190,5,a
1,1,9ed96540e486dd89,23,154,5,a
0,1,29b09d698cae01c9,101,200,5,a
0,1,29b09d698cae01c9,100,4,5,a
0,1,29b09d698cae01c9,5,177,5,a
1,1,9ed96540e486dd89,157,142,5,a
0,1,29b09d698cae01c9,165,180,5,a
0,1,29b09d698cae01c9,149,104,5,a
2,1,d403162b477eb271,53,188,5,a
1,1,9ed96540e486dd89,171,131,5,a
2,1,d403162b477eb271,87,142,5,a
0,1,29b09d698cae01c9,112,47,5,a
2,1,d403162b477eb271,20,194,5,a
0,1,29b09d698cae01c9,122,138,5,a
0,1,29b09d698cae01c9,82,185,5,a
0,1,29b09d698cae01c9,96,21,5,a
0,1,29b09d698cae01c9,35,108,5,a
2,1,d403162b477eb271,146,151,5,a
0,1,29b09d698cae01c9,145,22,5,a
0,1,29b09d698cae01c9,69,87,5,a
0,1,29b09d698cae01c9,78,32,5,a
0,1,29b09d698cae01c9,184,103,5,a
0,1,29b09d698cae01c9,40,103,5,a
0,1,29b09d698cae01c9,150,33,5,a
2,1,d403162b477eb271,19,36,6,p
2,1,d403162b477eb271,90,4,6,p
1,1,9ed96540e486dd89,10,85,6,p
1,1,9ed96540e486dd89,1,200,6,p
0,1,29b09d698cae01c9,91,57,6,p
0,1,29b09d698cae01c9,5,182,6,p
2,1,d403162b477eb271,66,87,6,p
1,1,9ed96540e486dd89,3,185,6,p
0,1,29b09d698cae01c9,17,90,6,p
0,1,29b09d698cae01c9,93,33,6,p
1,1,9ed96540e486dd89,84,108,6,p
2,1,d403162b477eb271,38,71,6,p
0,1,29b09d698cae01c9,92,70,6,p
1,1,9ed96540e486dd89,159,137,6,p
0,1,29b09d698cae01c9,103,184,6,p
0,1,29b09d698cae01c9,165,25,6,p
0,1,29b09d698cae01c9,33,128,6,p
0,1,29b09d698cae01c9,161,27,6,p
0,1,29b09d698cae01c9,60,6,6,p
0,1,29b09d698cae01c9,79,159,6,p
0,1,29b09d698cae01c9,90,76,6,p
2,1,d403162b477eb271,37,193,6,p
2,1,d403162b477eb271,39,31,6,p
1,1,9ed96540e486dd89,1,65,6,p
0,1,29b09d698cae01c9,21,48,6,p
0,1,29b09d698cae01c9,141,35,6,p
0,1,29b09d698cae01c9,44,178,6,p
0,1,29b09d698cae01c9,104,186,6,p
0,1,29b09d698cae01c9,0,136,6,p
2,1,d403162b477eb271,31,126,6,p
2,1,d403162b477eb271,2,74,6,p
0,1,29b09d698cae01c9,47,112,6,p
0,1,29b09d698cae01c9,67,190,6,p
1,1,9ed96540e486dd89,115,201,6,p
0,1,29b09d698cae01c9,94,40,6,p
0,1,29b09d698cae01c9,5,177,6,p
0,1,29b09d698cae01c9,161,88,6,p
1,1,9ed96540e486dd89,89,104,6,p
0,1,29b09d698cae01c9,9,13,6,p
1,1,9ed96540e486dd89,1,140,6,p
2,1,d403162b477eb271,36,19,6,p
0,1,29b09d698cae01c9,0,86,6,p
1,1,9ed96540e486dd89,123,52,6,p
0,1,29b09d698cae01c9,27,174,6,p
1,1,9ed96540e486dd89,65,149,6,p
0,1,29b09d698cae01c9,6,60,6,p
0,1,29b09d698cae01c9,6,23,6,p
0,1,29b09d698cae01c9,138,50,6,p
2,1,d403162b477eb271,38,148,6,p
2,1,d403162b477eb271,31,199,6,p
0,1,29b09d698cae01c9,25,183,6,p
0,1,29b09d698cae01c9,42,21,6,p
2,1,d403162b477eb271,2,16,6,p
0,1,29b09d698cae01c9,34,168,6,p
0,1,29b09d698cae01c9,88,110,6,p
0,1,29b09d698cae01c9,5,130,6,p
1,1,9ed96540e486dd89,187,124,6,p
1,1,9ed96540e486dd89,85,17,6,p
0,1,29b09d698cae01c9,8,129,6,p
0,1,29b09d698cae01c9,54,26,6,p
0,1,29b09d698cae01c9,0,111,6,p
0,1,29b09d698cae01c9,22,72,6,p
0,1,29b09d698cae01c9,49,73,6,p
0,1,29b09d698cae01c9,44,152,6,p
1,1,9ed96540e486dd89,43,78,6,p
0,1,29b09d698cae01c9,60,75,6,p
1,1,9ed96540e486dd89,104,89,6,p
0,1,29b09d698cae01c9,33,144,6,p
0,1,29b09d698cae01c9,23,154,6,p
0,1,29b09d698cae01c9,100,30,6,p
1,1,9ed96540e486dd89,131,158,6,p
2,1,d403162b477eb271,193,187,6,p
1,1,9ed96540e486dd89,123,105,6,p
0,1,29b09d698cae01c9,172,109,6,p
0,1,29b09d698cae01c9,33,93,6,p
1,1,9ed96540e486dd89,185,98,6,p
0,1,29b09d698cae01c9,79,67,6,p
0,1,29b09d698cae01c9,73,49,6,p
1,1,9ed96540e486dd89,84,157,6,p
2,1,d403162b477eb271,53,29,6,p
2,1,d403162b477eb271,20,125,6,p
1,1,9ed96540e486dd89,58,38,6,p
1,1,9ed96540e486dd89,10,151,6,p
0,1,29b09d698cae01c9,28,99,6,p
2,1,d403162b477eb271,81,61,6,p
0,1,29b09d698cae01c9,136,18,6,p
1,1,9ed96540e486dd89,15,3,6,p
2,1,d403162b477eb271,148,102,6,p
1,1,9ed96540e486dd89,200,175,6,p
2,1,d403162b477eb271,11,114,6,p
1,1,9ed96540e486dd89,1,41,6,p
0,1,29b09d698cae01c9,189,7,6,p
0,1,29b09d698cae01c9,168,34,6,p
1,1,9ed96540e486dd89,52,123,6,p
2,1,d403162b477eb271,11,197,6,p
0,1,29b09d698cae01c9,35,141,6,p
2,1,d403162b477eb271,39,66,6,p
1,1,9ed96540e486dd89,1,91,6,p
0,1,29b09d698cae01c9,83,59,6,p
0,1,29b09d698cae01c9,33,39,6,p
0,1,29b09d698cae01c9,39,166,6,p
2,1,d403162b477eb271,29,181,6,p
1,1,9ed96540e486dd89,38,196,6,p
0,1,29b09d698cae01c9,7,189,6,p
1,1,9ed96540e486dd89,155,8,6,p
2,1,d403162b477eb271,37,11,6,p
1,1,9ed96540e486dd89,8,68,6,p
1,1,9ed96540e486dd89,132,161,6,p
1,1,9ed96540e486dd89,43,171,6,p
0,1,29b09d698cae01c9,21,96,6,p
1,1,9ed96540e486dd89,149,20,6,p
1,1,9ed96540e486dd89,115,162,6,p
0,1,29b09d698cae01c9,30,180,6,p
0,1,29b09d698cae01c9,90,58,6,p
1,1,9ed96540e486dd89,137,195,6,p
0,1,29b09d698cae01c9,72,155,6,p
0,1,29b09d698cae01c9,153,127,6,p
2,1,d403162b477eb271,135,32,6,p
0,1,29b09d698cae01c9,100,45,6,p
1,1,9ed96540e486dd89,20,42,6,p
0,1,29b09d698cae01c9,5,121,6,p
2,1,d403162b477eb271,102,97,6,p
2,1,d403162b477eb271,2,5,6,p
2,1,d403162b477eb271,37,84,6,p
0,1,29b09d698cae01c9,9,165,6,p
1,1,9ed96540e486dd89,15,150,6,p
2,1,d403162b477eb271,2,169,6,p
2,1,d403162b477eb271,37,107,6,p
1,1,9ed96540e486dd89,3,15,6,p
0,1,29b09d698cae01c9,67,163,6,p
0,1,29b09d698cae01c9,60,170,6,p
0,1,29b09d698cae01c9,33,94,6,p
0,1,29b09d698cae01c9,27,64,6,p
2,1,d403162b477eb271,29,53,6,p
0,1,29b09d698cae01c9,22,133,6,p
0,1,29b09d698cae01c9,45,120,6,p
2,1,d403162b477eb271,197,145,6,p
0,1,29b09d698cae01c9,48,101,6,p
0,1,29b09d698cae01c9,94,160,6,p
2,1,d403162b477eb271,187,106,6,p
2,1,d403162b477eb271,31,188,6,p
0,1,29b09d698cae01c9,119,117,6,p
0,1,29b09d698cae01c9,46,79,6,p
0,1,29b09d698cae01c9,90,173,6,p
0,1,29b09d698cae01c9,101,63,6,p
0,1,29b09d698cae01c9,64,69,6,p
1,1,9ed96540e486dd89,17,100,6,p
1,1,9ed96540e486dd89,151,143,6,p
0,1,29b09d698cae01c9,156,139,6,p
0,1,29b09d698cae01c9,167,82,6,p
2,1,d403162b477eb271,135,51,6,p
0,1,29b09d698cae01c9,101,147,6,p
1,1,9ed96540e486dd89,24,77,6,p
2,1,d403162b477eb271,11,37,6,p
0,1,29b09d698cae01c9,159,24,6,p
0,1,29b09d698cae01c9,166,192,6,p
0,1,29b09d698cae01c9,63,122,6,p
0,1,29b09d698cae01c9,13,118,6,p
2,1,d403162b477eb271,19,146,6,p
1,1,9ed96540e486dd89,78,43,6,p
0,1,29b09d698cae01c9,63,119,6,p
2,1,d403162b477eb271,51,194,6,p
0,1,29b09d698cae01c9,22,54,6,p
1,1,9ed96540e486dd89,1,116,6,p
1,1,9ed96540e486dd89,157,167,6,p
1,1,9ed96540e486dd89,12,179,6,p
0,1,29b09d698cae01c9,69,87,6,a
2,1,d403162b477eb271,66,90,6,a
0,1,29b09d698cae01c9,57,197,6,a
1,1,9ed96540e486dd89,8,138,6,a
1,1,9ed96540e486dd89,105,123,6,a
2,1,d403162b477eb271,107,175,6,a
2,1,d403162b477eb271,11,37,6,a
1,1,9ed96540e486dd89,200,101,6,a
2,1,d403162b477eb271,51,135,6,a
2,1,d403162b477eb271,106,188,6,a
1,1,9ed96540e486dd89,89,109,6,a
0,1,29b09d698cae01c9,134,143,6,a
2,1,d403162b477eb271,126,77,6,a
0,1,29b09d698cae01c9,197,41,6,a
2,1,d403162b477eb271,36,19,6,a
0,1,29b09d698cae01c9,49,73,6,a
0,1,29b09d698cae01c9,120,91,6,a
1,1,9ed96540e486dd89,98,185,6,a
0,1,29b09d698cae01c9,111,137,6,a
0,1,29b09d698cae01c9,156,163,6,a
0,1,29b09d698cae01c9,174,170,6,a
0,1,29b09d698cae01c9,183,138,6,a
2,1,d403162b477eb271,71,73,6,a
1,1,9ed96540e486dd89,151,143,6,a
0,1,29b09d698cae01c9,88,161,6,a
1,1,9ed96540e486dd89,124,187,6,a
1,1,9ed96540e486dd89,196,148,6,a
2,1,d403162b477eb271,61,64,6,a
0,1,29b09d698cae01c9,35,108,6,a
2,1,d403162b477eb271,16,190,6,a
2,1,d403162b477eb271,29,181,6,a
0,1,29b09d698cae01c9,184,103,6,a
0,1,29b09d698cae01c9,122,138,6,a
0,1,29b09d698cae01c9,58,187,6,a
0,1,29b09d698cae01c9,170,174,6,a
0,1,29b09d698cae01c9,152,54,6,a
1,1,9ed96540e486dd89,68,48,6,a
0,1,29b09d698cae01c9,76,140,6,a
0,1,29b09d698cae01c9,155,72,6,a
0,1,29b09d698cae01c9,159,10,6,a
1,1,9ed96540e486dd89,104,192,6,a
2,1,d403162b477eb271,142,157,6,a
0,1,29b09d698cae01c9,27,64,6,a
0,1,29b09d698cae01c9,40,103,6,a
1,1,9ed96540e486dd89,65,113,6,a
1,1,9ed96540e486dd89,179,12,6,a
0,1,29b09d698cae01c9,141,35,6,a
1,1,9ed96540e486dd89,171,131,6,a
1,1,9ed96540e486dd89,52,39,6,a
2,1,d403162b477eb271,77,126,6,a
0,1,29b09d698cae01c9,147,29,6,a
0,1,29b09d698cae01c9,24,159,6,a
0,1,29b09d698cae01c9,25,165,6,a
0,1,29b09d698cae01c9,101,200,6,a
1,1,9ed96540e486dd89,7,200,6,a
0,1,29b09d698cae01c9,99,28,6,a
0,1,29b09d698cae01c9,41,197,6,a
0,1,29b09d698cae01c9,166,195,6,a
1,1,9ed96540e486dd89,20,194,6,a
0,1,29b09d698cae01c9,50,200,6,a
0,1,29b09d698cae01c9,96,21,6,a
2,1,d403162b477eb271,157,142,6,a
2,1,d403162b477eb271,97,85,6,a
0,1,29b09d698cae01c9,110,31,6,a
2,1,d403162b477eb271,116,56,6,a
0,1,29b09d698cae01c9,117,173,6,a
1,1,9ed96540e486dd89,185,98,6,a
1,1,9ed96540e486dd89,85,17,6,a
0,1,29b09d698cae01c9,86,3,6,a
0,1,29b09d698cae01c9,128,144,6,a
0,1,29b09d698cae01c9,180,165,6,a
0,1,29b09d698cae01c9,79,46,6,a
0,1,29b09d698cae01c9,160,94,6,a
0,1,29b09d698cae01c9,186,80,6,a
0,1,29b09d698cae01c9,121,79,6,a
1,1,9ed96540e486dd89,48,21,6,a
0,1,29b09d698cae01c9,33,150,6,a
0,1,29b09d698cae01c9,75,149,6,a
0,1,29b09d698cae01c9,130,23,6,a
0,1,29b09d698cae01c9,168,34,6,a
0,1,29b09d698cae01c9,182,5,6,a
0,1,29b09d698cae01c9,190,67,6,a
0,1,29b09d698cae01c9,91,118,6,a
0,1,29b09d698cae01c9,189,7,6,a
0,1,29b09d698cae01c9,54,152,6,a
1,1,9ed96540e486dd89,194,155,6,a
2,1,d403162b477eb271,73,49,6,a
0,1,29b09d698cae01c9,136,18,6,a
0,1,29b09d698cae01c9,144,33,6,a
2,1,d403162b477eb271,53,188,6,a
2,1,d403162b477eb271,188,38,6,a
2,1,d403162b477eb271,175,202,6,a
0,1,29b09d698cae01c9,139,156,6,a
0,1,29b09d698cae01c9,137,111,6,a
0,1,29b09d698cae01c9,18,176,6,a
0,1,29b09d698cae01c9,59,83,6,a
0,1,29b09d698cae01c9,87,142,6,a
0,1,29b09d698cae01c9,31,39,6,a
2,1,d403162b477eb271,181,29,6,a
2,1,d403162b477eb271,74,90,6,a
0,1,29b09d698cae01c9,6,23,6,a
0,1,29b09d698cae01c9,129,118,6,a
1,1,9ed96540e486dd89,148,102,6,a
2,1,d403162b477eb271,145,22,6,a
0,1,29b09d698cae01c9,70,92,6,a
0,1,29b09d698cae01c9,3,185,6,a
2,1,d403162b477eb271,37,11,6,a
1,1,9ed96540e486dd89,123,105,6,a
0,1,29b09d698cae01c9,64,27,6,a
0,1,29b09d698cae01c9,5,177,6,a
1,1,9ed96540e486dd89,102,148,6,a
0,1,29b09d698cae01c9,94,160,6,a
1,1,9ed96540e486dd89,162,19,6,a
2,1,d403162b477eb271,38,188,6,a
2,1,d403162b477eb271,169,42,6,a
1,1,9ed96540e486dd89,201,127,6,a
0,1,29b09d698cae01c9,161,88,6,a
0,1,29b09d698cae01c9,133,99,6,a
0,1,29b09d698cae01c9,60,193,6,a
0,1,29b09d698cae01c9,178,73,6,a
2,1,d403162b477eb271,38,71,7,p
0,1,29b09d698cae01c9,140,76,7,p
0,1,29b09d698cae01c9,137,111,7,p
1,1,9ed96540e486dd89,123,105,7,p
1,1,9ed96540e486dd89,123,52,7,p
1,1,9ed96540e486dd89,12,179,7,p
1,1,9ed96540e486dd89,167,157,7,p
0,1,29b09d698cae01c9,94,160,7,p
1,1,9ed96540e486dd89,52,123,7,p
0,1,29b09d698cae01c9,44,178,7,p
0,1,29b09d698cae01c9,46,79,7,p
2,1,d403162b477eb271,90,66,7,p
2,1,d403162b477eb271,11,197,7,p
1,1,9ed96540e486dd89,98,185,7,p
0,1,29b09d698cae01c9,26,54,7,p
0,1,29b09d698cae01c9,6,60,7,p
0,1,29b09d698cae01c9,136,18,7,p
0,1,29b09d698cae01c9,101,147,7,p
0,1,29b09d698cae01c9,30,180,7,p
1,1,9ed96540e486dd89,12,85,7,p
0,1,29b09d698cae01c9,108,35,7,p
0,1,29b09d698cae01c9,31,110,7,p
2,1,d403162b477eb271,188,106,7,p
1,1,9ed96540e486dd89,148,38,7,p
0,1,29b09d698cae01c9,93,124,7,p
2,1,d403162b477eb271,53,29,7,p
0,1,29b09d698cae01c9,72,155,7,p
0,1,29b09d698cae01c9,63,101,7,p
2,1,d403162b477eb271,37,107,7,p
0,1,29b09d698cae01c9,5,121,7,p
0,1,29b09d698cae01c9,23,6,7,p
0,1,29b09d698cae01c9,110,88,7,p
2,1,d403162b477eb271,37,188,7,p
0,1,29b09d698cae01c9,156,139,7,p
0,1,29b09d698cae01c9,39,50,7,p
0,1,29b09d698cae01c9,39,190,7,p
0,1,29b09d698cae01c9,64,73,7,p
0,1,29b09d698cae01c9,64,69,7,p
1,1,9ed96540e486dd89,17,134,7,p
2,1,d403162b477eb271,90,74,7,p
2,1,d403162b477eb271,56,102,7,p
1,1,9ed96540e486dd89,68,8,7,p
2,1,d403162b477eb271,90,31,7,p
0,1,29b09d698cae01c9,39,166,7,p
1,1,9ed96540e486dd89,48,168,7,p
0,1,29b09d698cae01c9,63,122,7,p
0,1,29b09d698cae01c9,103,184,7,p
2,1,d403162b477eb271,66,148,7,p
0,1,29b09d698cae01c9,91,57,7,p
0,1,29b09d698cae01c9,187,58,7,p
2,1,d403162b477eb271,2,5,7,p
2,1,d403162b477eb271,145,144,7,p
1,1,9ed96540e486dd89,38,196,7,p
0,1,29b09d698cae01c9,19,189,7,p
0,1,29b09d698cae01c9,119,117,7,p
2,1,d403162b477eb271,37,164,7,p
0,1,29b09d698cae01c9,10,159,7,p
2,1,d403162b477eb271,66,87,7,p
2,1,d403162b477eb271,22,145,7,p
0,1,29b09d698cae01c9,28,99,7,p
0,1,29b09d698cae01c9,13,130,7,p
2,1,d403162b477eb271,164,95,7,p
2,1,d403162b477eb271,42,169,7,p
2,1,d403162b477eb271,31,126,7,p
2,1,d403162b477eb271,200,7,7,p
0,1,29b09d698cae01c9,92,70,7,p
2,1,d403162b477eb271,126,36,7,p
1,1,9ed96540e486dd89,109,176,7,p
1,1,9ed96540e486dd89,157,142,7,p
1,1,9ed96540e486dd89,1,80,7,p
0,1,29b09d698cae01c9,45,120,7,p
1,1,9ed96540e486dd89,89,104,7,p
0,1,29b09d698cae01c9,3,86,7,p
0,1,29b09d698cae01c9,139,156,7,p
0,1,29b09d698cae01c9,60,170,7,p
1,1,9ed96540e486dd89,115,201,7,p
0,1,29b09d698cae01c9,18,136,7,p
1,1,9ed96540e486dd89,194,200,7,p
1,1,9ed96540e486dd89,43,171,7,p
0,1,29b09d698cae01c9,44,152,7,p
0,1,29b09d698cae01c9,60,75,7,p
1,1,9ed96540e486dd89,104,89,7,p
1,1,9ed96540e486dd89,48,25,7,p
1,1,9ed96540e486dd89,1,91,7,p
2,1,d403162b477eb271,29,53,7,p
2,1,d403162b477eb271,56,61,7,p
2,1,d403162b477eb271,37,11,7,p
0,1,29b09d698cae01c9,35,141,7,p
1,1,9ed96540e486dd89,1,116,7,p
0,1,29b09d698cae01c9,159,24,7,p
1,1,9ed96540e486dd89,132,161,7,p
1,1,9ed96540e486dd89,8,68,7,p
1,1,9ed96540e486dd89,200,175,7,p
1,1,9ed96540e486dd89,134,77,7,p
0,1,29b09d698cae01c9,41,133,7,p
1,1,9ed96540e486dd89,15,3,7,p
2,1,d403162b477eb271,51,194,7,p
2,1,d403162b477eb271,56,51,7,p
0,1,29b09d698cae01c9,19,182,7,p
2,1,d403162b477eb271,97,98,7,p
1,1,9ed96540e486dd89,1,41,7,p
0,1,29b09d698cae01c9,33,128,7,p
0,1,29b09d698cae01c9,27,174,7,p
1,1,9ed96540e486dd89,143,151,7,p
0,1,29b09d698cae01c9,73,49,7,p
0,1,29b09d698cae01c9,39,33,7,p
0,1,29b09d698cae01c9,33,94,7,p
1,1,9ed96540e486dd89,47,162,7,p
0,1,29b09d698cae01c9,83,59,7,p
1,1,9ed96540e486dd89,113,65,7,p
2,1,d403162b477eb271,11,37,7,p
2,1,d403162b477eb271,2,16,7,p
2,1,d403162b477eb271,2,62,7,p
0,1,29b09d698cae01c9,137,202,7,p
0,1,29b09d698cae01c9,27,64,7,p
2,1,d403162b477eb271,98,97,7,p
0,1,29b09d698cae01c9,118,129,7,p
0,1,29b09d698cae01c9,120,20,7,p
1,1,9ed96540e486dd89,80,186,7,p
0,1,29b09d698cae01c9,59,137,7,p
0,1,29b09d698cae01c9,13,27,7,p
0,1,29b09d698cae01c9,101,48,7,p
1,1,9ed96540e486dd89,25,183,7,p
1,1,9ed96540e486dd89,21,96,7,p
2,1,d403162b477eb271,29,181,7,p
0,1,29b09d698cae01c9,94,40,7,p
0,1,29b09d698cae01c9,156,12,7,p
0,1,29b09d698cae01c9,64,27,7,a
1,1,9ed96540e486dd89,134,143,7,a
2,1,d403162b477eb271,107,175,7,a
0,1,29b09d698cae01c9,101,200,7,a
0,1,29b09d698cae01c9,139,156,7,a
0,1,29b09d698cae01c9,50,200,7,a
0,1,29b09d698cae01c9,94,160,7,a
1,1,9ed96540e486dd89,201,127,7,a
0,1,29b09d698cae01c9,190,67,7,a
0,1,29b09d698cae01c9,117,173,7,a
0,1,29b09d698cae01c9,180,165,7,a
2,1,d403162b477eb271,71,73,7,a
0,1,29b09d698cae01c9,156,163,7,a
0,1,29b09d698cae01c9,33,150,7,a
0,1,29b09d698cae01c9,46,79,7,a
2,1,d403162b477eb271,181,29,7,a
2,1,d403162b477eb271,169,42,7,a
0,1,29b09d698cae01c9,184,103,7,a
0,1,29b09d698cae01c9,120,91,7,a
0,1,29b09d698cae01c9,152,54,7,a
0,1,29b09d698cae01c9,189,7,7,a
2,1,d403162b477eb271,62,82,7,a
2,1,d403162b477eb271,126,77,7,a
0,1,29b09d698cae01c9,12,156,7,a
1,1,9ed96540e486dd89,161,88,7,a
0,1,29b09d698cae01c9,202,175,7,a
0,1,29b09d698cae01c9,92,28,7,a
0,1,29b09d698cae01c9,57,197,7,a
0,1,29b09d698cae01c9,60,193,7,a
0,1,29b09d698cae01c9,75,149,7,a
2,1,d403162b477eb271,145,22,7,a
0,1,29b09d698cae01c9,170,174,7,a
1,1,9ed96540e486dd89,68,48,7,a
1,1,9ed96540e486dd89,131,171,7,a
2,1,d403162b477eb271,37,11,7,a
0,1,29b09d698cae01c9,110,31,7,a
2,1,d403162b477eb271,73,49,7,a
1,1,9ed96540e486dd89,85,17,7,a
1,1,9ed96540e486dd89,142,157,7,a
1,1,9ed96540e486dd89,41,197,7,a
0,1,29b09d698cae01c9,24,159,7,a
2,1,d403162b477eb271,61,64,7,a
0,1,29b09d698cae01c9,121,79,7,a
1,1,9ed96540e486dd89,176,129,7,a
2,1,d403162b477eb271,53,188,7,a
0,1,29b09d698cae01c9,122,138,7,a
0,1,29b09d698cae01c9,133,99,7,a
2,1,d403162b477eb271,164,8,7,a
0,1,29b09d698cae01c9,86,3,7,a
2,1,d403162b477eb271,95,164,7,a
0,1,29b09d698cae01c9,69,87,7,a
2,1,d403162b477eb271,11,37,7,a
0,1,29b09d698cae01c9,18,176,7,a
2,1,d403162b477eb271,6,23,7,a
1,1,9ed96540e486dd89,80,186,7,a
1,1,9ed96540e486dd89,151,143,7,a
1,1,9ed96540e486dd89,47,174,7,a
0,1,29b09d698cae01c9,137,111,7,a
0,1,29b09d698cae01c9,136,18,7,a
0,1,29b09d698cae01c9,76,140,7,a
0,1,29b09d698cae01c9,128,144,7,a
2,1,d403162b477eb271,74,90,7,a
2,1,d403162b477eb271,16,190,7,a
0,1,29b09d698cae01c9,166,195,7,a
0,1,29b09d698cae01c9,147,29,7,a
0,1,29b09d698cae01c9,178,73,7,a
0,1,29b09d698cae01c9,33,128,8,p
1,1,9ed96540e486dd89,88,110,8,p
0,1,29b09d698cae01c9,13,131,8,p
0,1,29b09d698cae01c9,119,117,8,p
1,1,9ed96540e486dd89,17,134,8,p
0,1,29b09d698cae01c9,28,92,8,p
2,1,d403162b477eb271,36,126,8,p
2,1,d403162b477eb271,6,164,8,p
0,1,29b09d698cae01c9,159,24,8,p
0,1,29b09d698cae01c9,91,57,8,p
0,1,29b09d698cae01c9,99,133,8,p
0,1,29b09d698cae01c9,172,113,8,p
0,1,29b09d698cae01c9,44,178,8,p
2,1,d403162b477eb271,22,145,8,p
1,1,9ed96540e486dd89,162,47,8,p
2,1,d403162b477eb271,188,53,8,p
2,1,d403162b477eb271,82,62,8,p
0,1,29b09d698cae01c9,103,184,8,p
2,1,d403162b477eb271,56,61,8,p
0,1,29b09d698cae01c9,39,190,8,p
0,1,29b09d698cae01c9,18,136,8,p
0,1,29b09d698cae01c9,29,147,8,p
2,1,d403162b477eb271,11,37,8,p
0,1,29b09d698cae01c9,60,75,8,p
1,1,9ed96540e486dd89,186,80,8,p
0,1,29b09d698cae01c9,30,180,8,p
1,1,9ed96540e486dd89,157,142,8,p
0,1,29b09d698cae01c9,44,152,8,p
0,1,29b09d698cae01c9,3,86,8,p
0,1,29b09d698cae01c9,20,120,8,p
0,1,29b09d698cae01c9,79,46,8,p
0,1,29b09d698cae01c9,140,76,8,p
0,1,29b09d698cae01c9,87,69,8,p
1,1,9ed96540e486dd89,88,161,8,p
1,1,9ed96540e486dd89,115,201,8,p
0,1,29b09d698cae01c9,60,170,8,p
0,1,29b09d698cae01c9,91,73,8,p
0,1,29b09d698cae01c9,39,50,8,p
0,1,29b09d698cae01c9,27,64,8,p
0,1,29b09d698cae01c9,60,6,8,p
2,1,d403162b477eb271,42,169,8,p
0,1,29b09d698cae01c9,73,71,8,p
2,1,d403162b477eb271,37,11,8,p
0,1,29b09d698cae01c9,33,94,8,p
2,1,d403162b477eb271,37,107,8,p
0,1,29b09d698cae01c9,156,12,8,p
2,1,d403162b477eb271,90,74,8,p
0,1,29b09d698cae01c9,39,33,8,p
0,1,29b09d698cae01c9,59,137,8,p
1,1,9ed96540e486dd89,197,41,8,p
0,1,29b09d698cae01c9,137,202,8,p
0,1,29b09d698cae01c9,156,139,8,p
0,1,29b09d698cae01c9,39,166,8,p
0,1,29b09d698cae01c9,63,122,8,p
0,1,29b09d698cae01c9,7,189,8,p
0,1,29b09d698cae01c9,63,101,8,p
1,1,9ed96540e486dd89,109,176,8,p
2,1,d403162b477eb271,164,95,8,p
0,1,29b09d698cae01c9,12,156,8,p
1,1,9ed96540e486dd89,8,68,8,p
1,1,9ed96540e486dd89,17,85,8,p
0,1,29b09d698cae01c9,45,121,8,p
1,1,9ed96540e486dd89,143,151,8,p
2,1,d403162b477eb271,2,181,8,p
0,1,29b09d698cae01c9,6,60,8,p
1,1,9ed96540e486dd89,176,18,8,p
2,1,d403162b477eb271,2,16,8,p
0,1,29b09d698cae01c9,75,149,8,a
0,1,29b09d698cae01c9,156,163,8,a
0,1,29b09d698cae01c9,202,175,8,a
0,1,29b09d698cae01c9,131,171,8,a
0,1,29b09d698cae01c9,117,173,8,a
1,1,9ed96540e486dd89,47,174,8,a
1,1,9ed96540e486dd89,151,143,8,a
0,1,29b09d698cae01c9,113,135,8,a
2,1,d403162b477eb271,145,22,8,a
0,1,29b09d698cae01c9,139,156,8,a
1,1,9ed96540e486dd89,41,197,8,a
2,1,d403162b477eb271,181,29,8,a
0,1,29b09d698cae01c9,136,18,8,a
0,1,29b09d698cae01c9,92,28,8,a
0,1,29b09d698cae01c9,122,138,8,a
2,1,d403162b477eb271,62,82,8,a
2,1,d403162b477eb271,107,175,8,a
2,1,d403162b477eb271,37,11,8,a
0,1,29b09d698cae01c9,24,159,8,a
1,1,9ed96540e486dd89,85,17,8,a
0,1,29b09d698cae01c9,73,49,8,a
0,1,29b09d698cae01c9,170,174,8,a
2,1,d403162b477eb271,126,77,8,a
0,1,29b09d698cae01c9,152,54,8,a
0,1,29b09d698cae01c9,147,29,8,a
1,1,9ed96540e486dd89,142,157,8,a
0,1,29b09d698cae01c9,137,111,8,a
0,1,29b09d698cae01c9,133,99,8,a
0,1,29b09d698cae01c9,86,3,8,a
0,1,29b09d698cae01c9,46,79,8,a
0,1,29b09d698cae01c9,50,200,8,a
1,1,9ed96540e486dd89,161,88,8,a
0,1,29b09d698cae01c9,33,150,8,a
2,1,d403162b477eb271,53,188,8,a
0,1,29b09d698cae01c9,128,144,8,a
2,1,d403162b477eb271,164,8,8,a
2,1,d403162b477eb271,16,190,8,a
1,1,9ed96540e486dd89,134,143,8,a
0,1,29b09d698cae01c9,60,193,8,a
0,1,29b09d698cae01c9,57,197,8,a
1,1,9ed96540e486dd89,1,41,9,p
2,1,d403162b477eb271,37,107,9,p
0,1,29b09d698cae01c9,91,57,9,p
2,1,d403162b477eb271,188,53,9,p
2,1,d403162b477eb271,36,126,9,p
0,1,29b09d698cae01c9,39,33,9,p
2,1,d403162b477eb271,30,191,9,p
2,1,d403162b477eb271,190,16,9,p
1,1,9ed96540e486dd89,162,47,9,p
0,1,29b09d698cae01c9,119,117,9,p
0,1,29b09d698cae01c9,79,46,9,p
1,1,9ed96540e486dd89,17,134,9,p
0,1,29b09d698cae01c9,6,60,9,p
0,1,29b09d698cae01c9,12,156,9,p
0,1,29b09d698cae01c9,137,202,9,p
0,1,29b09d698cae01c9,60,170,9,p
0,1,29b09d698cae01c9,159,24,9,p
0,1,29b09d698cae01c9,63,122,9,p
2,1,d403162b477eb271,2,181,9,p
0,1,29b09d698cae01c9,13,131,9,p
0,1,29b09d698cae01c9,60,75,9,p
1,1,9ed96540e486dd89,157,142,9,p
0,1,29b09d698cae01c9,59,137,9,p
0,1,29b09d698cae01c9,18,136,9,p
0,1,29b09d698cae01c9,29,147,9,p
0,1,29b09d698cae01c9,22,133,9,p
0,1,29b09d698cae01c9,33,128,9,p
2,1,d403162b477eb271,30,62,9,p
0,1,29b09d698cae01c9,3,86,9,p
1,1,9ed96540e486dd89,17,85,9,p
2,1,d403162b477eb271,11,37,9,p
0,1,29b09d698cae01c9,28,92,9,p
0,1,29b09d698cae01c9,135,113,9,p
0,1,29b09d698cae01c9,49,73,9,p
0,1,29b09d698cae01c9,156,139,9,p
2,1,d403162b477eb271,8,164,9,p
1,1,9ed96540e486dd89,88,161,9,p
0,1,29b09d698cae01c9,39,50,9,p
1,1,9ed96540e486dd89,143,151,9,p
2,1,d403162b477eb271,2,145,9,p
0,1,29b09d698cae01c9,44,152,9,p
0,1,29b09d698cae01c9,122,138,9,a
0,1,29b09d698cae01c9,170,174,9,a
2,1,d403162b477eb271,145,22,9,a
2,1,d403162b477eb271,191,109,9,a
