# Wed Nov 22 11:59:08 2017
#simulation with:
#SEED 1
#N_AGENTS 203
#N_USERS 200
#N_SOURCES 3
#P_a 0.025
#P_s 0.25
#dim 3
#time 100
#memorySize 1
source,timec,news,ag1,ag2,time,type
1,1,b23f34672fbfc7a2,1,1,1,c
0,1,8cb9e4147a225814,0,0,1,c
2,1,6e5b490c161cb41c,2,2,1,c
0,1,8cb9e4147a225814,0,182,2,p
0,1,8cb9e4147a225814,0,142,2,p
1,1,b23f34672fbfc7a2,1,167,2,p
2,1,6e5b490c161cb41c,2,39,2,p
2,1,6e5b490c161cb41c,2,90,2,p
0,1,8cb9e4147a225814,0,26,2,p
2,1,6e5b490c161cb41c,2,178,2,p
2,1,6e5b490c161cb41c,2,170,2,p
1,1,b23f34672fbfc7a2,1,91,2,p
0,1,8cb9e4147a225814,0,18,2,p
2,1,6e5b490c161cb41c,2,85,2,p
1,1,b23f34672fbfc7a2,167,123,2,a
0,1,8cb9e4147a225814,182,8,2,a
0,1,8cb9e4147a225814,26,119,2,a
2,1,6e5b490c161cb41c,85,128,2,a
2,1,6e5b490c161cb41c,90,35,2,a
0,1,8cb9e4147a225814,18,56,2,a
2,1,6e5b490c161cb41c,39,28,2,a
0,1,8cb9e4147a225814,142,189,2,a
2,1,6e5b490c161cb41c,170,53,2,a
1,1,b23f34672fbfc7a2,91,90,2,a
2,1,6e5b490c161cb41c,178,136,2,a
1,1,b23f34672fbfc7a2,91,90,3,p
2,1,6e5b490c161cb41c,53,170,3,p
0,1,8cb9e4147a225814,56,18,3,p
1,1,b23f34672fbfc7a2,123,47,3,p
1,1,b23f34672fbfc7a2,47,20,3,p
2,1,6e5b490c161cb41c,128,85,3,p
0,1,8cb9e4147a225814,119,26,3,p
1,1,b23f34672fbfc7a2,90,91,3,p
0,1,8cb9e4147a225814,189,142,3,p
1,1,b23f34672fbfc7a2,123,167,3,p
2,1,6e5b490c161cb41c,28,39,3,p
0,1,8cb9e4147a225814,189,178,3,p
0,1,8cb9e4147a225814,8,182,3,p
1,1,b23f34672fbfc7a2,167,123,3,a
2,1,6e5b490c161cb41c,85,128,3,a
0,1,8cb9e4147a225814,182,8,3,a
0,1,8cb9e4147a225814,8,146,3,a
2,1,6e5b490c161cb41c,28,76,3,a
2,1,6e5b490c161cb41c,35,90,3,a
0,1,8cb9e4147a225814,26,119,3,a
2,1,6e5b490c161cb41c,90,35,3,a
0,1,8cb9e4147a225814,18,56,3,a
0,1,8cb9e4147a225814,178,136,3,a
2,1,6e5b490c161cb41c,170,53,3,a
0,1,8cb9e4147a225814,142,189,3,a
1,1,b23f34672fbfc7a2,91,90,3,a
1,1,b23f34672fbfc7a2,90,35,4,p
0,1,8cb9e4147a225814,136,178,4,p
2,1,6e5b490c161cb41c,2,116,4,p
1,1,b23f34672fbfc7a2,90,91,4,p
1,1,b23f34672fbfc7a2,47,36,4,p
0,1,8cb9e4147a225814,146,8,4,p
2,1,6e5b490c161cb41c,85,92,4,p
2,1,6e5b490c161cb41c,92,127,4,p
1,1,b23f34672fbfc7a2,167,44,4,p
0,1,8cb9e4147a225814,119,94,4,p
2,1,6e5b490c161cb41c,2,40,4,p
2,1,6e5b490c161cb41c,40,33,4,p
2,1,6e5b490c161cb41c,33,158,4,p
0,1,8cb9e4147a225814,56,18,4,p
1,1,b23f34672fbfc7a2,1,86,4,p
2,1,6e5b490c161cb41c,40,82,4,p
2,1,6e5b490c161cb41c,170,53,4,p
1,1,b23f34672fbfc7a2,36,31,4,p
1,1,b23f34672fbfc7a2,123,139,4,p
2,1,6e5b490c161cb41c,53,170,4,p
0,1,8cb9e4147a225814,189,155,4,p
2,1,6e5b490c161cb41c,39,28,4,p
2,1,6e5b490c161cb41c,2,166,4,p
1,1,b23f34672fbfc7a2,1,51,4,p
0,1,8cb9e4147a225814,26,119,4,p
1,1,b23f34672fbfc7a2,1,109,4,p
2,1,6e5b490c161cb41c,40,45,4,p
1,1,b23f34672fbfc7a2,1,30,4,p
0,1,8cb9e4147a225814,189,142,4,p
2,1,6e5b490c161cb41c,2,114,4,p
0,1,8cb9e4147a225814,8,182,4,p
1,1,b23f34672fbfc7a2,44,167,4,p
1,1,b23f34672fbfc7a2,31,9,4,p
0,1,8cb9e4147a225814,56,169,4,p
0,1,8cb9e4147a225814,0,11,4,p
2,1,6e5b490c161cb41c,92,85,4,p
1,1,b23f34672fbfc7a2,90,41,4,p
1,1,b23f34672fbfc7a2,44,38,4,p
0,1,8cb9e4147a225814,0,111,4,p
2,1,6e5b490c161cb41c,2,195,4,p
1,1,b23f34672fbfc7a2,31,26,4,p
1,1,b23f34672fbfc7a2,167,145,4,p
2,1,6e5b490c161cb41c,2,74,4,p
2,1,6e5b490c161cb41c,33,202,4,p
0,1,8cb9e4147a225814,169,122,4,p
0,1,8cb9e4147a225814,0,52,4,p
1,1,b23f34672fbfc7a2,1,34,4,p
2,1,6e5b490c161cb41c,195,81,4,p
1,1,b23f34672fbfc7a2,1,179,4,p
0,1,8cb9e4147a225814,0,112,4,p
1,1,b23f34672fbfc7a2,35,90,4,p
2,1,6e5b490c161cb41c,170,151,4,p
2,1,6e5b490c161cb41c,2,89,4,p
0,1,8cb9e4147a225814,122,84,4,a
2,1,6e5b490c161cb41c,151,67,4,a
2,1,6e5b490c161cb41c,202,69,4,a
0,1,8cb9e4147a225814,8,146,4,a
1,1,b23f34672fbfc7a2,36,47,4,a
2,1,6e5b490c161cb41c,166,147,4,a
1,1,b23f34672fbfc7a2,139,132,4,a
0,1,8cb9e4147a225814,18,56,4,a
2,1,6e5b490c161cb41c,45,40,4,a
2,1,6e5b490c161cb41c,81,195,4,a
0,1,8cb9e4147a225814,11,29,4,a
1,1,b23f34672fbfc7a2,91,90,4,a
2,1,6e5b490c161cb41c,85,128,4,a
0,1,8cb9e4147a225814,182,8,4,a
1,1,b23f34672fbfc7a2,145,63,4,a
2,1,6e5b490c161cb41c,127,191,4,a
1,1,b23f34672fbfc7a2,30,124,4,a
1,1,b23f34672fbfc7a2,179,17,4,a
2,1,6e5b490c161cb41c,116,200,4,a
1,1,b23f34672fbfc7a2,51,162,4,a
0,1,8cb9e4147a225814,119,26,4,a
0,1,8cb9e4147a225814,155,62,4,a
0,1,8cb9e4147a225814,52,27,4,a
2,1,6e5b490c161cb41c,114,144,4,a
2,1,6e5b490c161cb41c,53,170,4,a
2,1,6e5b490c161cb41c,200,23,4,a
1,1,b23f34672fbfc7a2,124,181,4,a
1,1,b23f34672fbfc7a2,109,102,4,a
1,1,b23f34672fbfc7a2,35,90,4,a
0,1,8cb9e4147a225814,62,155,4,a
1,1,b23f34672fbfc7a2,90,35,4,a
0,1,8cb9e4147a225814,106,96,4,a
0,1,8cb9e4147a225814,111,85,4,a
2,1,6e5b490c161cb41c,40,82,4,a
2,1,6e5b490c161cb41c,92,158,4,a
2,1,6e5b490c161cb41c,158,92,4,a
1,1,b23f34672fbfc7a2,31,9,4,a
2,1,6e5b490c161cb41c,144,114,4,a
1,1,b23f34672fbfc7a2,41,90,4,a
1,1,b23f34672fbfc7a2,86,9,4,a
2,1,6e5b490c161cb41c,28,76,4,a
1,1,b23f34672fbfc7a2,162,51,4,a
0,1,8cb9e4147a225814,112,43,4,a
0,1,8cb9e4147a225814,169,122,4,a
1,1,b23f34672fbfc7a2,38,63,4,a
1,1,b23f34672fbfc7a2,9,46,4,a
1,1,b23f34672fbfc7a2,44,167,4,a
2,1,6e5b490c161cb41c,33,192,4,a
2,1,6e5b490c161cb41c,74,185,4,a
0,1,8cb9e4147a225814,94,58,4,a
2,1,6e5b490c161cb41c,195,160,4,a
2,1,6e5b490c161cb41c,82,40,4,a
0,1,8cb9e4147a225814,0,177,5,p
1,1,b23f34672fbfc7a2,9,86,5,p
2,1,6e5b490c161cb41c,151,67,5,p
0,1,8cb9e4147a225814,189,144,5,p
2,1,6e5b490c161cb41c,92,156,5,p
2,1,6e5b490c161cb41c,28,76,5,p
2,1,6e5b490c161cb41c,53,162,5,p
1,1,b23f34672fbfc7a2,35,24,5,p
1,1,b23f34672fbfc7a2,46,134,5,p
1,1,b23f34672fbfc7a2,31,186,5,p
1,1,b23f34672fbfc7a2,179,17,5,p
1,1,b23f34672fbfc7a2,38,63,5,p
1,1,b23f34672fbfc7a2,124,30,5,p
2,1,6e5b490c161cb41c,23,93,5,p
2,1,6e5b490c161cb41c,92,127,5,p
1,1,b23f34672fbfc7a2,35,90,5,p
1,1,b23f34672fbfc7a2,123,139,5,p
1,1,b23f34672fbfc7a2,44,184,5,p
1,1,b23f34672fbfc7a2,47,180,5,p
2,1,6e5b490c161cb41c,39,61,5,p
0,1,8cb9e4147a225814,0,175,5,p
1,1,b23f34672fbfc7a2,1,190,5,p
0,1,8cb9e4147a225814,18,164,5,p
2,1,6e5b490c161cb41c,33,158,5,p
0,1,8cb9e4147a225814,169,45,5,p
1,1,b23f34672fbfc7a2,30,124,5,p
2,1,6e5b490c161cb41c,82,22,5,p
1,1,b23f34672fbfc7a2,38,44,5,p
2,1,6e5b490c161cb41c,22,176,5,p
2,1,6e5b490c161cb41c,40,33,5,p
2,1,6e5b490c161cb41c,92,85,5,p
1,1,b23f34672fbfc7a2,44,38,5,p
1,1,b23f34672fbfc7a2,36,106,5,p
1,1,b23f34672fbfc7a2,31,36,5,p
2,1,6e5b490c161cb41c,147,115,5,p
1,1,b23f34672fbfc7a2,181,130,5,p
1,1,b23f34672fbfc7a2,109,49,5,p
1,1,b23f34672fbfc7a2,134,133,5,p
2,1,6e5b490c161cb41c,158,43,5,p
2,1,6e5b490c161cb41c,23,200,5,p
1,1,b23f34672fbfc7a2,24,35,5,p
2,1,6e5b490c161cb41c,170,140,5,p
1,1,b23f34672fbfc7a2,41,148,5,p
2,1,6e5b490c161cb41c,33,173,5,p
2,1,6e5b490c161cb41c,53,14,5,p
0,1,8cb9e4147a225814,0,72,5,p
0,1,8cb9e4147a225814,142,189,5,p
0,1,8cb9e4147a225814,99,183,5,p
0,1,8cb9e4147a225814,0,111,5,p
0,1,8cb9e4147a225814,0,118,5,p
2,1,6e5b490c161cb41c,185,74,5,p
2,1,6e5b490c161cb41c,39,28,5,p
2,1,6e5b490c161cb41c,85,92,5,p
1,1,b23f34672fbfc7a2,184,122,5,p
0,1,8cb9e4147a225814,150,174,5,p
0,1,8cb9e4147a225814,144,104,5,p
2,1,6e5b490c161cb41c,82,21,5,p
1,1,b23f34672fbfc7a2,1,34,5,p
0,1,8cb9e4147a225814,153,185,5,p
0,1,8cb9e4147a225814,0,112,5,p
1,1,b23f34672fbfc7a2,130,87,5,p
0,1,8cb9e4147a225814,56,18,5,p
1,1,b23f34672fbfc7a2,49,109,5,p
0,1,8cb9e4147a225814,174,145,5,p
1,1,b23f34672fbfc7a2,184,155,5,p
1,1,b23f34672fbfc7a2,168,51,5,p
0,1,8cb9e4147a225814,0,168,5,p
0,1,8cb9e4147a225814,8,182,5,p
0,1,8cb9e4147a225814,111,166,5,p
0,1,8cb9e4147a225814,112,9,5,p
1,1,b23f34672fbfc7a2,130,95,5,p
2,1,6e5b490c161cb41c,14,53,5,p
1,1,b23f34672fbfc7a2,36,31,5,p
0,1,8cb9e4147a225814,27,151,5,p
1,1,b23f34672fbfc7a2,17,4,5,p
2,1,6e5b490c161cb41c,195,81,5,p
0,1,8cb9e4147a225814,29,11,5,p
2,1,6e5b490c161cb41c,115,154,5,p
1,1,b23f34672fbfc7a2,1,70,5,p
0,1,8cb9e4147a225814,145,12,5,p
0,1,8cb9e4147a225814,27,52,5,p
2,1,6e5b490c161cb41c,2,89,5,p
0,1,8cb9e4147a225814,150,149,5,p
2,1,6e5b490c161cb41c,2,105,5,p
2,1,6e5b490c161cb41c,200,187,5,p
2,1,6e5b490c161cb41c,43,172,5,p
2,1,6e5b490c161cb41c,21,82,5,p
1,1,b23f34672fbfc7a2,1,13,5,p
2,1,6e5b490c161cb41c,105,126,5,p
2,1,6e5b490c161cb41c,147,121,5,p
0,1,8cb9e4147a225814,18,192,5,p
2,1,6e5b490c161cb41c,53,32,5,p
1,1,b23f34672fbfc7a2,1,137,5,p
1,1,b23f34672fbfc7a2,17,179,5,p
0,1,8cb9e4147a225814,18,50,5,p
0,1,8cb9e4147a225814,144,188,5,p
0,1,8cb9e4147a225814,45,40,5,p
0,1,8cb9e4147a225814,177,202,5,p
0,1,8cb9e4147a225814,146,8,5,p
2,1,6e5b490c161cb41c,81,195,5,p
2,1,6e5b490c161cb41c,114,68,5,p
0,1,8cb9e4147a225814,29,116,5,p
0,1,8cb9e4147a225814,29,62,5,p
0,1,8cb9e4147a225814,58,94,5,p
1,1,b23f34672fbfc7a2,90,41,5,p
1,1,b23f34672fbfc7a2,90,91,5,p
0,1,8cb9e4147a225814,94,59,5,p
1,1,b23f34672fbfc7a2,179,119,5,p
0,1,8cb9e4147a225814,56,15,5,p
2,1,6e5b490c161cb41c,2,113,5,p
2,1,6e5b490c161cb41c,200,125,5,p
1,1,b23f34672fbfc7a2,30,25,5,p
0,1,8cb9e4147a225814,175,143,5,p
0,1,8cb9e4147a225814,164,37,5,p
1,1,b23f34672fbfc7a2,122,169,5,p
1,1,b23f34672fbfc7a2,36,98,5,p
1,1,b23f34672fbfc7a2,47,191,5,p
2,1,6e5b490c161cb41c,68,114,5,p
0,1,8cb9e4147a225814,182,8,5,a
2,1,6e5b490c161cb41c,43,158,5,a
0,1,8cb9e4147a225814,52,27,5,a
1,1,b23f34672fbfc7a2,95,4,5,a
1,1,b23f34672fbfc7a2,133,79,5,a
1,1,b23f34672fbfc7a2,87,183,5,a
0,1,8cb9e4147a225814,118,69,5,a
2,1,6e5b490c161cb41c,105,77,5,a
2,1,6e5b490c161cb41c,28,76,5,a
2,1,6e5b490c161cb41c,22,93,5,a
0,1,8cb9e4147a225814,168,157,5,a
0,1,8cb9e4147a225814,66,129,5,a
1,1,b23f34672fbfc7a2,13,189,5,a
0,1,8cb9e4147a225814,69,202,5,a
0,1,8cb9e4147a225814,192,33,5,a
0,1,8cb9e4147a225814,37,164,5,a
1,1,b23f34672fbfc7a2,186,3,5,a
0,1,8cb9e4147a225814,50,166,5,a
1,1,b23f34672fbfc7a2,155,62,5,a
0,1,8cb9e4147a225814,8,146,5,a
2,1,6e5b490c161cb41c,200,23,5,a
0,1,8cb9e4147a225814,12,33,5,a
1,1,b23f34672fbfc7a2,179,17,5,a
0,1,8cb9e4147a225814,174,134,5,a
1,1,b23f34672fbfc7a2,191,127,5,a
2,1,6e5b490c161cb41c,81,195,5,a
1,1,b23f34672fbfc7a2,41,90,5,a
2,1,6e5b490c161cb41c,195,160,5,a
0,1,8cb9e4147a225814,15,5,5,a
0,1,8cb9e4147a225814,11,29,5,a
1,1,b23f34672fbfc7a2,25,110,5,a
2,1,6e5b490c161cb41c,115,154,5,a
1,1,b23f34672fbfc7a2,137,93,5,a
1,1,b23f34672fbfc7a2,31,9,5,a
2,1,6e5b490c161cb41c,127,191,5,a
1,1,b23f34672fbfc7a2,86,9,5,a
2,1,6e5b490c161cb41c,176,95,5,a
2,1,6e5b490c161cb41c,162,51,5,a
2,1,6e5b490c161cb41c,76,28,5,a
0,1,8cb9e4147a225814,145,63,5,a
2,1,6e5b490c161cb41c,68,10,5,a
0,1,8cb9e4147a225814,59,78,5,a
2,1,6e5b490c161cb41c,32,144,5,a
2,1,6e5b490c161cb41c,53,170,5,a
2,1,6e5b490c161cb41c,14,53,5,a
2,1,6e5b490c161cb41c,21,82,5,a
0,1,8cb9e4147a225814,143,133,5,a
2,1,6e5b490c161cb41c,140,170,5,a
0,1,8cb9e4147a225814,134,174,5,a
0,1,8cb9e4147a225814,149,6,5,a
2,1,6e5b490c161cb41c,61,46,5,a
1,1,b23f34672fbfc7a2,93,22,5,a
0,1,8cb9e4147a225814,29,190,5,a
1,1,b23f34672fbfc7a2,184,44,5,a
2,1,6e5b490c161cb41c,92,158,5,a
0,1,8cb9e4147a225814,112,43,5,a
1,1,b23f34672fbfc7a2,17,150,5,a
0,1,8cb9e4147a225814,56,135,5,a
1,1,b23f34672fbfc7a2,180,47,5,a
0,1,8cb9e4147a225814,72,120,5,a
2,1,6e5b490c161cb41c,113,48,5,a
1,1,b23f34672fbfc7a2,79,133,5,a
0,1,8cb9e4147a225814,164,174,5,a
2,1,6e5b490c161cb41c,173,156,5,a
1,1,b23f34672fbfc7a2,150,17,5,a
0,1,8cb9e4147a225814,190,29,5,a
0,1,8cb9e4147a225814,45,40,5,a
1,1,b23f34672fbfc7a2,36,47,5,a
2,1,6e5b490c161cb41c,187,36,5,a
2,1,6e5b490c161cb41c,114,144,5,a
1,1,b23f34672fbfc7a2,139,132,5,a
1,1,b23f34672fbfc7a2,130,87,5,a
1,1,b23f34672fbfc7a2,124,181,5,a
0,1,8cb9e4147a225814,104,15,5,a
2,1,6e5b490c161cb41c,67,151,5,a
0,1,8cb9e4147a225814,175,65,5,a
1,1,b23f34672fbfc7a2,119,26,5,a
0,1,8cb9e4147a225814,27,55,5,a
1,1,b23f34672fbfc7a2,49,65,5,a
1,1,b23f34672fbfc7a2,24,35,5,a
2,1,6e5b490c161cb41c,144,114,5,a
1,1,b23f34672fbfc7a2,35,90,5,a
2,1,6e5b490c161cb41c,172,38,5,a
1,1,b23f34672fbfc7a2,4,95,5,a
1,1,b23f34672fbfc7a2,44,167,5,a
1,1,b23f34672fbfc7a2,106,96,5,a
1,1,b23f34672fbfc7a2,62,155,5,a
0,1,8cb9e4147a225814,126,108,5,a
0,1,8cb9e4147a225814,177,77,5,a
0,1,8cb9e4147a225814,116,200,5,a
1,1,b23f34672fbfc7a2,189,142,5,a
0,1,8cb9e4147a225814,111,85,5,a
2,1,6e5b490c161cb41c,121,170,5,a
0,1,8cb9e4147a225814,135,124,5,a
1,1,b23f34672fbfc7a2,183,87,5,a
0,1,8cb9e4147a225814,129,201,5,a
2,1,6e5b490c161cb41c,82,40,5,a
1,1,b23f34672fbfc7a2,109,102,5,a
1,1,b23f34672fbfc7a2,148,197,5,a
2,1,6e5b490c161cb41c,33,192,5,a
2,1,6e5b490c161cb41c,160,171,5,a
0,1,8cb9e4147a225814,153,185,5,a
1,1,b23f34672fbfc7a2,70,7,5,a
0,1,8cb9e4147a225814,6,149,5,a
1,1,b23f34672fbfc7a2,98,36,5,a
2,1,6e5b490c161cb41c,156,173,5,a
1,1,b23f34672fbfc7a2,94,58,5,a
2,1,6e5b490c161cb41c,154,144,5,a
2,1,6e5b490c161cb41c,74,185,5,a
0,1,8cb9e4147a225814,63,38,5,a
2,1,6e5b490c161cb41c,128,90,5,a
2,1,6e5b490c161cb41c,28,76,6,p
2,1,6e5b490c161cb41c,48,113,6,p
0,1,8cb9e4147a225814,29,11,6,p
1,1,b23f34672fbfc7a2,7,59,6,p
2,1,6e5b490c161cb41c,53,32,6,p
2,1,6e5b490c161cb41c,10,68,6,p
1,1,b23f34672fbfc7a2,4,95,6,p
2,1,6e5b490c161cb41c,32,24,6,p
1,1,b23f34672fbfc7a2,148,41,6,p
2,1,6e5b490c161cb41c,10,155,6,p
2,1,6e5b490c161cb41c,14,53,6,p
0,1,8cb9e4147a225814,55,160,6,p
1,1,b23f34672fbfc7a2,47,180,6,p
2,1,6e5b490c161cb41c,115,154,6,p
0,1,8cb9e4147a225814,18,164,6,p
1,1,b23f34672fbfc7a2,109,79,6,p
2,1,6e5b490c161cb41c,105,77,6,p
0,1,8cb9e4147a225814,37,117,6,p
1,1,b23f34672fbfc7a2,22,29,6,p
0,1,8cb9e4147a225814,66,75,6,p
1,1,b23f34672fbfc7a2,44,184,6,p
0,1,8cb9e4147a225814,18,192,6,p
2,1,6e5b490c161cb41c,90,128,6,p
1,1,b23f34672fbfc7a2,169,45,6,p
1,1,b23f34672fbfc7a2,94,119,6,p
0,1,8cb9e4147a225814,0,80,6,p
1,1,b23f34672fbfc7a2,93,137,6,p
0,1,8cb9e4147a225814,85,111,6,p
0,1,8cb9e4147a225814,202,183,6,p
0,1,8cb9e4147a225814,126,105,6,p
2,1,6e5b490c161cb41c,151,27,6,p
1,1,b23f34672fbfc7a2,65,63,6,p
0,1,8cb9e4147a225814,15,46,6,p
0,1,8cb9e4147a225814,52,66,6,p
2,1,6e5b490c161cb41c,82,21,6,p
0,1,8cb9e4147a225814,178,189,6,p
2,1,6e5b490c161cb41c,23,93,6,p
0,1,8cb9e4147a225814,18,50,6,p
0,1,8cb9e4147a225814,0,62,6,p
1,1,b23f34672fbfc7a2,65,49,6,p
0,1,8cb9e4147a225814,134,174,6,p
0,1,8cb9e4147a225814,43,112,6,p
0,1,8cb9e4147a225814,149,6,6,p
1,1,b23f34672fbfc7a2,59,7,6,p
1,1,b23f34672fbfc7a2,31,36,6,p
1,1,b23f34672fbfc7a2,41,148,6,p
2,1,6e5b490c161cb41c,23,100,6,p
0,1,8cb9e4147a225814,166,103,6,p
1,1,b23f34672fbfc7a2,3,186,6,p
2,1,6e5b490c161cb41c,68,10,6,p
2,1,6e5b490c161cb41c,170,140,6,p
1,1,b23f34672fbfc7a2,29,190,6,p
1,1,b23f34672fbfc7a2,36,98,6,p
0,1,8cb9e4147a225814,0,42,6,p
2,1,6e5b490c161cb41c,23,65,6,p
0,1,8cb9e4147a225814,56,84,6,p
2,1,6e5b490c161cb41c,195,81,6,p
2,1,6e5b490c161cb41c,147,121,6,p
0,1,8cb9e4147a225814,120,72,6,p
1,1,b23f34672fbfc7a2,7,70,6,p
2,1,6e5b490c161cb41c,100,187,6,p
1,1,b23f34672fbfc7a2,150,23,6,p
2,1,6e5b490c161cb41c,151,67,6,p
2,1,6e5b490c161cb41c,127,92,6,p
1,1,b23f34672fbfc7a2,41,152,6,p
0,1,8cb9e4147a225814,15,5,6,p
2,1,6e5b490c161cb41c,158,43,6,p
1,1,b23f34672fbfc7a2,7,138,6,p
2,1,6e5b490c161cb41c,147,115,6,p
1,1,b23f34672fbfc7a2,181,120,6,p
2,1,6e5b490c161cb41c,53,163,6,p
2,1,6e5b490c161cb41c,90,123,6,p
1,1,b23f34672fbfc7a2,79,133,6,p
0,1,8cb9e4147a225814,69,118,6,p
0,1,8cb9e4147a225814,84,108,6,p
2,1,6e5b490c161cb41c,92,156,6,p
1,1,b23f34672fbfc7a2,1,34,6,p
2,1,6e5b490c161cb41c,51,162,6,p
0,1,8cb9e4147a225814,105,126,6,p
1,1,b23f34672fbfc7a2,30,124,6,p
1,1,b23f34672fbfc7a2,130,87,6,p
2,1,6e5b490c161cb41c,21,139,6,p
0,1,8cb9e4147a225814,66,52,6,p
1,1,b23f34672fbfc7a2,120,14,6,p
0,1,8cb9e4147a225814,5,15,6,p
2,1,6e5b490c161cb41c,51,73,6,p
0,1,8cb9e4147a225814,145,12,6,p
2,1,6e5b490c161cb41c,123,69,6,p
1,1,b23f34672fbfc7a2,79,132,6,p
0,1,8cb9e4147a225814,202,173,6,p
1,1,b23f34672fbfc7a2,78,130,6,p
2,1,6e5b490c161cb41c,2,135,6,p
1,1,b23f34672fbfc7a2,7,191,6,p
2,1,6e5b490c161cb41c,40,33,6,p
2,1,6e5b490c161cb41c,2,110,6,p
2,1,6e5b490c161cb41c,39,61,6,p
0,1,8cb9e4147a225814,6,149,6,p
2,1,6e5b490c161cb41c,92,165,6,p
2,1,6e5b490c161cb41c,24,35,6,p
0,1,8cb9e4147a225814,15,171,6,p
2,1,6e5b490c161cb41c,123,194,6,p
0,1,8cb9e4147a225814,46,134,6,p
0,1,8cb9e4147a225814,80,94,6,p
1,1,b23f34672fbfc7a2,45,97,6,p
0,1,8cb9e4147a225814,37,168,6,p
1,1,b23f34672fbfc7a2,124,64,6,p
2,1,6e5b490c161cb41c,2,101,6,p
1,1,b23f34672fbfc7a2,7,179,6,p
0,1,8cb9e4147a225814,149,150,6,p
0,1,8cb9e4147a225814,12,145,6,p
0,1,8cb9e4147a225814,38,131,6,p
0,1,8cb9e4147a225814,50,175,6,p
0,1,8cb9e4147a225814,37,200,6,p
1,1,b23f34672fbfc7a2,4,197,6,p
1,1,b23f34672fbfc7a2,30,153,6,p
0,1,8cb9e4147a225814,117,37,6,p
2,1,6e5b490c161cb41c,110,86,6,p
1,1,b23f34672fbfc7a2,64,83,6,p
1,1,b23f34672fbfc7a2,30,25,6,p
2,1,6e5b490c161cb41c,61,198,6,p
1,1,b23f34672fbfc7a2,29,106,6,p
2,1,6e5b490c161cb41c,82,22,6,p
0,1,8cb9e4147a225814,8,182,6,p
2,1,6e5b490c161cb41c,92,127,6,p
2,1,6e5b490c161cb41c,39,28,6,p
0,1,8cb9e4147a225814,104,144,6,p
2,1,6e5b490c161cb41c,2,89,6,p
1,1,b23f34672fbfc7a2,49,109,6,p
0,1,8cb9e4147a225814,66,176,6,p
0,1,8cb9e4147a225814,202,177,6,p
2,1,6e5b490c161cb41c,21,71,6,p
1,1,b23f34672fbfc7a2,30,181,6,p
1,1,b23f34672fbfc7a2,4,17,6,p
1,1,b23f34672fbfc7a2,9,31,6,p
0,1,8cb9e4147a225814,8,146,6,p
2,1,6e5b490c161cb41c,10,44,6,p
0,1,8cb9e4147a225814,15,104,6,p
0,1,8cb9e4147a225814,126,143,6,p
1,1,b23f34672fbfc7a2,17,4,6,p
0,1,8cb9e4147a225814,160,55,6,p
0,1,8cb9e4147a225814,146,8,6,p
1,1,b23f34672fbfc7a2,47,136,6,p
2,1,6e5b490c161cb41c,185,74,6,p
2,1,6e5b490c161cb41c,21,82,6,p
2,1,6e5b490c161cb41c,187,16,6,p
0,1,8cb9e4147a225814,15,56,6,p
2,1,6e5b490c161cb41c,81,195,6,p
1,1,b23f34672fbfc7a2,9,96,6,p
1,1,b23f34672fbfc7a2,120,114,6,p
2,1,6e5b490c161cb41c,43,172,6,p
0,1,8cb9e4147a225814,94,58,6,p
0,1,8cb9e4147a225814,37,129,6,p
1,1,b23f34672fbfc7a2,1,13,6,p
0,1,8cb9e4147a225814,38,60,6,p
0,1,8cb9e4147a225814,200,116,6,p
0,1,8cb9e4147a225814,188,141,6,p
2,1,6e5b490c161cb41c,156,173,6,a
0,1,8cb9e4147a225814,108,126,6,a
0,1,8cb9e4147a225814,116,200,6,a
1,1,b23f34672fbfc7a2,97,96,6,a
1,1,b23f34672fbfc7a2,49,65,6,a
1,1,b23f34672fbfc7a2,95,4,6,a
1,1,b23f34672fbfc7a2,197,57,6,a
1,1,b23f34672fbfc7a2,130,87,6,a
1,1,b23f34672fbfc7a2,57,197,6,a
1,1,b23f34672fbfc7a2,106,96,6,a
0,1,8cb9e4147a225814,160,171,6,a
0,1,8cb9e4147a225814,5,15,6,a
0,1,8cb9e4147a225814,104,15,6,a
2,1,6e5b490c161cb41c,173,156,6,a
0,1,8cb9e4147a225814,171,160,6,a
1,1,b23f34672fbfc7a2,17,150,6,a
0,1,8cb9e4147a225814,66,129,6,a
0,1,8cb9e4147a225814,118,69,6,a
2,1,6e5b490c161cb41c,100,36,6,a
2,1,6e5b490c161cb41c,147,166,6,a
1,1,b23f34672fbfc7a2,152,42,6,a
0,1,8cb9e4147a225814,15,5,6,a
2,1,6e5b490c161cb41c,115,154,6,a
0,1,8cb9e4147a225814,46,9,6,a
2,1,6e5b490c161cb41c,82,40,6,a
0,1,8cb9e4147a225814,189,142,6,a
0,1,8cb9e4147a225814,145,63,6,a
2,1,6e5b490c161cb41c,163,125,6,a
2,1,6e5b490c161cb41c,27,55,6,a
0,1,8cb9e4147a225814,8,146,6,a
0,1,8cb9e4147a225814,174,134,6,a
0,1,8cb9e4147a225814,50,166,6,a
2,1,6e5b490c161cb41c,140,170,6,a
2,1,6e5b490c161cb41c,135,124,6,a
2,1,6e5b490c161cb41c,74,185,6,a
0,1,8cb9e4147a225814,80,7,6,a
1,1,b23f34672fbfc7a2,98,36,6,a
1,1,b23f34672fbfc7a2,64,124,6,a
0,1,8cb9e4147a225814,141,165,6,a
0,1,8cb9e4147a225814,164,174,6,a
1,1,b23f34672fbfc7a2,193,191,6,a
1,1,b23f34672fbfc7a2,36,47,6,a
1,1,b23f34672fbfc7a2,119,26,6,a
1,1,b23f34672fbfc7a2,78,59,6,a
1,1,b23f34672fbfc7a2,70,7,6,a
2,1,6e5b490c161cb41c,16,144,6,a
2,1,6e5b490c161cb41c,93,22,6,a
2,1,6e5b490c161cb41c,121,170,6,a
1,1,b23f34672fbfc7a2,120,57,6,a
0,1,8cb9e4147a225814,103,83,6,a
1,1,b23f34672fbfc7a2,96,106,6,a
1,1,b23f34672fbfc7a2,13,189,6,a
1,1,b23f34672fbfc7a2,23,183,6,a
1,1,b23f34672fbfc7a2,180,47,6,a
2,1,6e5b490c161cb41c,76,28,6,a
2,1,6e5b490c161cb41c,21,82,6,a
1,1,b23f34672fbfc7a2,7,80,6,a
2,1,6e5b490c161cb41c,198,69,6,a
2,1,6e5b490c161cb41c,161,118,6,a
2,1,6e5b490c161cb41c,127,191,6,a
1,1,b23f34672fbfc7a2,29,190,6,a
0,1,8cb9e4147a225814,165,141,6,a
1,1,b23f34672fbfc7a2,138,7,6,a
0,1,8cb9e4147a225814,176,95,6,a
2,1,6e5b490c161cb41c,172,38,6,a
1,1,b23f34672fbfc7a2,132,139,6,a
2,1,6e5b490c161cb41c,187,36,6,a
0,1,8cb9e4147a225814,52,27,6,a
2,1,6e5b490c161cb41c,68,10,6,a
0,1,8cb9e4147a225814,37,164,6,a
0,1,8cb9e4147a225814,60,94,6,a
0,1,8cb9e4147a225814,131,104,6,a
2,1,6e5b490c161cb41c,65,175,6,a
2,1,6e5b490c161cb41c,110,107,6,a
2,1,6e5b490c161cb41c,71,39,6,a
2,1,6e5b490c161cb41c,113,48,6,a
1,1,b23f34672fbfc7a2,150,17,6,a
1,1,b23f34672fbfc7a2,4,95,6,a
1,1,b23f34672fbfc7a2,79,133,6,a
2,1,6e5b490c161cb41c,73,51,6,a
0,1,8cb9e4147a225814,84,122,6,a
2,1,6e5b490c161cb41c,69,202,6,a
0,1,8cb9e4147a225814,111,85,6,a
1,1,b23f34672fbfc7a2,181,124,6,a
1,1,b23f34672fbfc7a2,25,110,6,a
2,1,6e5b490c161cb41c,194,123,6,a
2,1,6e5b490c161cb41c,53,170,6,a
2,1,6e5b490c161cb41c,175,65,6,a
2,1,6e5b490c161cb41c,61,46,6,a
0,1,8cb9e4147a225814,6,149,6,a
0,1,8cb9e4147a225814,112,43,6,a
1,1,b23f34672fbfc7a2,153,185,6,a
0,1,8cb9e4147a225814,75,66,6,a
0,1,8cb9e4147a225814,56,135,6,a
0,1,8cb9e4147a225814,126,108,6,a
0,1,8cb9e4147a225814,157,168,6,a
2,1,6e5b490c161cb41c,128,90,6,a
0,1,8cb9e4147a225814,83,103,6,a
1,1,b23f34672fbfc7a2,42,197,6,a
0,1,8cb9e4147a225814,146,8,6,a
2,1,6e5b490c161cb41c,67,151,6,a
0,1,8cb9e4147a225814,168,157,6,a
2,1,6e5b490c161cb41c,123,167,6,a
2,1,6e5b490c161cb41c,58,94,6,a
2,1,6e5b490c161cb41c,10,159,6,a
0,1,8cb9e4147a225814,149,6,6,a
2,1,6e5b490c161cb41c,154,144,6,a
2,1,6e5b490c161cb41c,77,105,6,a
0,1,8cb9e4147a225814,11,29,6,a
0,1,8cb9e4147a225814,55,27,6,a
0,1,8cb9e4147a225814,129,201,6,a
2,1,6e5b490c161cb41c,32,144,6,a
0,1,8cb9e4147a225814,200,23,6,a
1,1,b23f34672fbfc7a2,136,123,6,a
2,1,6e5b490c161cb41c,195,160,6,a
2,1,6e5b490c161cb41c,101,91,6,a
1,1,b23f34672fbfc7a2,87,183,6,a
1,1,b23f34672fbfc7a2,117,125,6,a
2,1,6e5b490c161cb41c,28,76,6,a
2,1,6e5b490c161cb41c,22,93,7,p
2,1,6e5b490c161cb41c,147,115,7,p
0,1,8cb9e4147a225814,27,55,7,p
0,1,8cb9e4147a225814,0,80,7,p
1,1,b23f34672fbfc7a2,1,201,7,p
2,1,6e5b490c161cb41c,24,32,7,p
0,1,8cb9e4147a225814,60,78,7,p
2,1,6e5b490c161cb41c,92,127,7,p
0,1,8cb9e4147a225814,29,116,7,p
2,1,6e5b490c161cb41c,144,16,7,p
2,1,6e5b490c161cb41c,115,154,7,p
1,1,b23f34672fbfc7a2,4,197,7,p
0,1,8cb9e4147a225814,6,149,7,p
1,1,b23f34672fbfc7a2,150,23,7,p
2,1,6e5b490c161cb41c,16,187,7,p
1,1,b23f34672fbfc7a2,47,136,7,p
2,1,6e5b490c161cb41c,118,69,7,p
1,1,b23f34672fbfc7a2,31,36,7,p
0,1,8cb9e4147a225814,12,145,7,p
2,1,6e5b490c161cb41c,21,82,7,p
0,1,8cb9e4147a225814,8,146,7,p
2,1,6e5b490c161cb41c,65,49,7,p
0,1,8cb9e4147a225814,55,160,7,p
0,1,8cb9e4147a225814,15,5,7,p
2,1,6e5b490c161cb41c,92,165,7,p
2,1,6e5b490c161cb41c,151,67,7,p
0,1,8cb9e4147a225814,146,8,7,p
2,1,6e5b490c161cb41c,10,68,7,p
0,1,8cb9e4147a225814,66,75,7,p
0,1,8cb9e4147a225814,15,56,7,p
2,1,6e5b490c161cb41c,91,101,7,p
2,1,6e5b490c161cb41c,39,28,7,p
1,1,b23f34672fbfc7a2,79,132,7,p
0,1,8cb9e4147a225814,9,46,7,p
2,1,6e5b490c161cb41c,2,74,7,p
1,1,b23f34672fbfc7a2,3,159,7,p
0,1,8cb9e4147a225814,134,174,7,p
2,1,6e5b490c161cb41c,69,123,7,p
1,1,b23f34672fbfc7a2,30,25,7,p
1,1,b23f34672fbfc7a2,30,181,7,p
0,1,8cb9e4147a225814,56,84,7,p
0,1,8cb9e4147a225814,78,60,7,p
2,1,6e5b490c161cb41c,67,99,7,p
1,1,b23f34672fbfc7a2,41,152,7,p
1,1,b23f34672fbfc7a2,87,130,7,p
2,1,6e5b490c161cb41c,69,147,7,p
1,1,b23f34672fbfc7a2,47,180,7,p
0,1,8cb9e4147a225814,15,171,7,p
2,1,6e5b490c161cb41c,123,194,7,p
1,1,b23f34672fbfc7a2,30,153,7,p
0,1,8cb9e4147a225814,84,57,7,p
0,1,8cb9e4147a225814,37,168,7,p
2,1,6e5b490c161cb41c,191,193,7,p
2,1,6e5b490c161cb41c,38,172,7,p
1,1,b23f34672fbfc7a2,1,48,7,p
0,1,8cb9e4147a225814,37,117,7,p
2,1,6e5b490c161cb41c,71,21,7,p
1,1,b23f34672fbfc7a2,59,7,7,p
0,1,8cb9e4147a225814,104,131,7,p
0,1,8cb9e4147a225814,43,157,7,p
2,1,6e5b490c161cb41c,14,53,7,p
2,1,6e5b490c161cb41c,156,19,7,p
0,1,8cb9e4147a225814,117,37,7,p
0,1,8cb9e4147a225814,103,58,7,p
0,1,8cb9e4147a225814,18,50,7,p
1,1,b23f34672fbfc7a2,36,106,7,p
2,1,6e5b490c161cb41c,105,126,7,p
2,1,6e5b490c161cb41c,28,76,7,p
0,1,8cb9e4147a225814,29,11,7,p
1,1,b23f34672fbfc7a2,64,83,7,p
2,1,6e5b490c161cb41c,165,100,7,p
2,1,6e5b490c161cb41c,170,140,7,p
2,1,6e5b490c161cb41c,151,27,7,p
2,1,6e5b490c161cb41c,35,110,7,p
2,1,6e5b490c161cb41c,33,173,7,p
1,1,b23f34672fbfc7a2,114,120,7,p
2,1,6e5b490c161cb41c,44,77,7,p
0,1,8cb9e4147a225814,0,118,7,p
0,1,8cb9e4147a225814,63,150,7,p
0,1,8cb9e4147a225814,37,129,7,p
2,1,6e5b490c161cb41c,2,113,7,p
0,1,8cb9e4147a225814,188,141,7,p
2,1,6e5b490c161cb41c,61,198,7,p
0,1,8cb9e4147a225814,66,52,7,p
2,1,6e5b490c161cb41c,144,104,7,p
0,1,8cb9e4147a225814,52,66,7,p
2,1,6e5b490c161cb41c,21,71,7,p
2,1,6e5b490c161cb41c,39,61,7,p
1,1,b23f34672fbfc7a2,95,96,7,p
0,1,8cb9e4147a225814,85,111,7,p
0,1,8cb9e4147a225814,5,15,7,p
0,1,8cb9e4147a225814,0,42,7,p
2,1,6e5b490c161cb41c,51,73,7,p
1,1,b23f34672fbfc7a2,1,34,7,p
1,1,b23f34672fbfc7a2,45,97,7,p
1,1,b23f34672fbfc7a2,109,79,7,p
2,1,6e5b490c161cb41c,44,10,7,p
1,1,b23f34672fbfc7a2,97,102,7,p
0,1,8cb9e4147a225814,149,6,7,p
2,1,6e5b490c161cb41c,2,89,7,p
0,1,8cb9e4147a225814,142,189,7,p
2,1,6e5b490c161cb41c,22,29,7,p
2,1,6e5b490c161cb41c,2,135,7,p
0,1,8cb9e4147a225814,66,176,7,p
0,1,8cb9e4147a225814,50,175,7,p
2,1,6e5b490c161cb41c,28,54,7,p
2,1,6e5b490c161cb41c,19,156,7,p
1,1,b23f34672fbfc7a2,4,17,7,p
2,1,6e5b490c161cb41c,38,4,7,p
2,1,6e5b490c161cb41c,35,65,7,p
0,1,8cb9e4147a225814,37,200,7,p
0,1,8cb9e4147a225814,18,164,7,p
0,1,8cb9e4147a225814,58,103,7,p
1,1,b23f34672fbfc7a2,7,70,7,p
1,1,b23f34672fbfc7a2,36,98,7,p
2,1,6e5b490c161cb41c,53,163,7,p
1,1,b23f34672fbfc7a2,83,64,7,p
2,1,6e5b490c161cb41c,90,128,7,p
2,1,6e5b490c161cb41c,81,195,7,p
2,1,6e5b490c161cb41c,35,121,7,p
1,1,b23f34672fbfc7a2,130,87,7,p
1,1,b23f34672fbfc7a2,26,119,7,p
1,1,b23f34672fbfc7a2,1,13,7,p
0,1,8cb9e4147a225814,84,108,7,p
1,1,b23f34672fbfc7a2,7,138,7,p
1,1,b23f34672fbfc7a2,96,95,7,p
0,1,8cb9e4147a225814,43,161,7,p
0,1,8cb9e4147a225814,9,112,7,p
0,1,8cb9e4147a225814,78,59,7,a
0,1,8cb9e4147a225814,80,7,7,a
0,1,8cb9e4147a225814,55,27,7,a
1,1,b23f34672fbfc7a2,79,133,7,a
0,1,8cb9e4147a225814,111,85,7,a
1,1,b23f34672fbfc7a2,48,113,7,a
0,1,8cb9e4147a225814,108,126,7,a
2,1,6e5b490c161cb41c,99,169,7,a
0,1,8cb9e4147a225814,60,94,7,a
0,1,8cb9e4147a225814,103,83,7,a
1,1,b23f34672fbfc7a2,159,90,7,a
2,1,6e5b490c161cb41c,19,186,7,a
2,1,6e5b490c161cb41c,67,151,7,a
1,1,b23f34672fbfc7a2,153,185,7,a
1,1,b23f34672fbfc7a2,98,36,7,a
0,1,8cb9e4147a225814,117,125,7,a
1,1,b23f34672fbfc7a2,113,48,7,a
2,1,6e5b490c161cb41c,93,22,7,a
1,1,b23f34672fbfc7a2,181,124,7,a
2,1,6e5b490c161cb41c,193,191,7,a
1,1,b23f34672fbfc7a2,119,26,7,a
2,1,6e5b490c161cb41c,127,191,7,a
2,1,6e5b490c161cb41c,115,154,7,a
2,1,6e5b490c161cb41c,110,107,7,a
0,1,8cb9e4147a225814,141,165,7,a
0,1,8cb9e4147a225814,57,197,7,a
1,1,b23f34672fbfc7a2,138,7,7,a
2,1,6e5b490c161cb41c,163,125,7,a
0,1,8cb9e4147a225814,66,129,7,a
2,1,6e5b490c161cb41c,32,144,7,a
0,1,8cb9e4147a225814,129,201,7,a
1,1,b23f34672fbfc7a2,20,47,7,a
2,1,6e5b490c161cb41c,73,51,7,a
1,1,b23f34672fbfc7a2,17,150,7,a
0,1,8cb9e4147a225814,37,164,7,a
2,1,6e5b490c161cb41c,82,40,7,a
0,1,8cb9e4147a225814,11,29,7,a
2,1,6e5b490c161cb41c,74,185,7,a
1,1,b23f34672fbfc7a2,102,109,7,a
0,1,8cb9e4147a225814,52,27,7,a
2,1,6e5b490c161cb41c,68,10,7,a
2,1,6e5b490c161cb41c,156,173,7,a
0,1,8cb9e4147a225814,161,118,7,a
0,1,8cb9e4147a225814,201,129,7,a
0,1,8cb9e4147a225814,157,168,7,a
2,1,6e5b490c161cb41c,140,170,7,a
2,1,6e5b490c161cb41c,54,77,7,a
2,1,6e5b490c161cb41c,69,202,7,a
2,1,6e5b490c161cb41c,147,166,7,a
1,1,b23f34672fbfc7a2,95,4,7,a
2,1,6e5b490c161cb41c,107,110,7,a
1,1,b23f34672fbfc7a2,152,42,7,a
0,1,8cb9e4147a225814,168,157,7,a
0,1,8cb9e4147a225814,174,134,7,a
2,1,6e5b490c161cb41c,39,28,7,a
2,1,6e5b490c161cb41c,16,144,7,a
0,1,8cb9e4147a225814,46,9,7,a
1,1,b23f34672fbfc7a2,96,106,7,a
0,1,8cb9e4147a225814,146,8,7,a
1,1,b23f34672fbfc7a2,7,80,7,a
0,1,8cb9e4147a225814,116,200,7,a
2,1,6e5b490c161cb41c,28,76,7,a
2,1,6e5b490c161cb41c,77,105,7,a
1,1,b23f34672fbfc7a2,120,57,7,a
2,1,6e5b490c161cb41c,128,90,7,a
1,1,b23f34672fbfc7a2,47,36,7,a
0,1,8cb9e4147a225814,197,57,7,a
2,1,6e5b490c161cb41c,198,69,7,a
2,1,6e5b490c161cb41c,187,36,7,a
0,1,8cb9e4147a225814,112,43,7,a
2,1,6e5b490c161cb41c,121,170,7,a
1,1,b23f34672fbfc7a2,70,7,7,a
2,1,6e5b490c161cb41c,154,144,7,a
2,1,6e5b490c161cb41c,123,167,7,a
1,1,b23f34672fbfc7a2,136,123,7,a
0,1,8cb9e4147a225814,164,174,7,a
0,1,8cb9e4147a225814,176,95,7,a
2,1,6e5b490c161cb41c,92,127,8,p
0,1,8cb9e4147a225814,57,196,8,p
0,1,8cb9e4147a225814,84,108,8,p
2,1,6e5b490c161cb41c,69,147,8,p
0,1,8cb9e4147a225814,37,129,8,p
1,1,b23f34672fbfc7a2,1,34,8,p
1,1,b23f34672fbfc7a2,30,181,8,p
0,1,8cb9e4147a225814,43,157,8,p
2,1,6e5b490c161cb41c,28,39,8,p
0,1,8cb9e4147a225814,37,168,8,p
0,1,8cb9e4147a225814,8,146,8,p
0,1,8cb9e4147a225814,134,174,8,p
0,1,8cb9e4147a225814,9,112,8,p
1,1,b23f34672fbfc7a2,114,120,8,p
2,1,6e5b490c161cb41c,24,32,8,p
1,1,b23f34672fbfc7a2,114,107,8,p
2,1,6e5b490c161cb41c,115,154,8,p
0,1,8cb9e4147a225814,27,55,8,p
1,1,b23f34672fbfc7a2,150,98,8,p
1,1,b23f34672fbfc7a2,3,159,8,p
0,1,8cb9e4147a225814,85,111,8,p
0,1,8cb9e4147a225814,165,141,8,p
2,1,6e5b490c161cb41c,22,93,8,p
0,1,8cb9e4147a225814,78,60,8,p
1,1,b23f34672fbfc7a2,47,20,8,p
1,1,b23f34672fbfc7a2,113,48,8,p
0,1,8cb9e4147a225814,37,117,8,p
1,1,b23f34672fbfc7a2,97,96,8,p
1,1,b23f34672fbfc7a2,4,95,8,p
2,1,6e5b490c161cb41c,39,28,8,p
0,1,8cb9e4147a225814,29,11,8,p
2,1,6e5b490c161cb41c,166,102,8,p
1,1,b23f34672fbfc7a2,41,152,8,p
2,1,6e5b490c161cb41c,2,113,8,p
2,1,6e5b490c161cb41c,53,163,8,p
0,1,8cb9e4147a225814,94,80,8,p
1,1,b23f34672fbfc7a2,20,47,8,p
0,1,8cb9e4147a225814,58,103,8,p
2,1,6e5b490c161cb41c,166,79,8,p
1,1,b23f34672fbfc7a2,26,119,8,p
2,1,6e5b490c161cb41c,67,99,8,p
1,1,b23f34672fbfc7a2,7,138,8,p
1,1,b23f34672fbfc7a2,7,70,8,p
2,1,6e5b490c161cb41c,35,110,8,p
2,1,6e5b490c161cb41c,144,16,8,p
0,1,8cb9e4147a225814,52,66,8,p
1,1,b23f34672fbfc7a2,70,7,8,p
0,1,8cb9e4147a225814,18,164,8,p
2,1,6e5b490c161cb41c,44,77,8,p
2,1,6e5b490c161cb41c,185,74,8,p
0,1,8cb9e4147a225814,0,199,8,p
2,1,6e5b490c161cb41c,61,198,8,p
2,1,6e5b490c161cb41c,10,68,8,p
2,1,6e5b490c161cb41c,147,115,8,p
0,1,8cb9e4147a225814,27,52,8,p
0,1,8cb9e4147a225814,59,78,8,p
2,1,6e5b490c161cb41c,16,187,8,p
2,1,6e5b490c161cb41c,170,140,8,p
0,1,8cb9e4147a225814,66,176,8,p
1,1,b23f34672fbfc7a2,47,136,8,p
2,1,6e5b490c161cb41c,28,54,8,p
2,1,6e5b490c161cb41c,69,123,8,p
2,1,6e5b490c161cb41c,90,128,8,p
2,1,6e5b490c161cb41c,123,69,8,p
0,1,8cb9e4147a225814,43,161,8,p
2,1,6e5b490c161cb41c,191,193,8,p
2,1,6e5b490c161cb41c,21,82,8,p
1,1,b23f34672fbfc7a2,30,153,8,p
1,1,b23f34672fbfc7a2,1,201,8,p
2,1,6e5b490c161cb41c,99,67,8,p
0,1,8cb9e4147a225814,29,116,8,p
2,1,6e5b490c161cb41c,51,73,8,p
2,1,6e5b490c161cb41c,35,121,8,p
1,1,b23f34672fbfc7a2,4,197,8,p
0,1,8cb9e4147a225814,9,46,8,p
1,1,b23f34672fbfc7a2,4,17,8,p
0,1,8cb9e4147a225814,84,57,8,p
0,1,8cb9e4147a225814,117,37,8,p
2,1,6e5b490c161cb41c,19,156,8,p
2,1,6e5b490c161cb41c,156,19,8,p
0,1,8cb9e4147a225814,46,9,8,a
1,1,b23f34672fbfc7a2,153,185,8,a
0,1,8cb9e4147a225814,142,189,8,a
2,1,6e5b490c161cb41c,77,105,8,a
2,1,6e5b490c161cb41c,170,53,8,a
0,1,8cb9e4147a225814,146,8,8,a
1,1,b23f34672fbfc7a2,48,113,8,a
1,1,b23f34672fbfc7a2,96,106,8,a
0,1,8cb9e4147a225814,129,201,8,a
2,1,6e5b490c161cb41c,99,169,8,a
0,1,8cb9e4147a225814,196,57,8,a
1,1,b23f34672fbfc7a2,120,57,8,a
0,1,8cb9e4147a225814,103,83,8,a
1,1,b23f34672fbfc7a2,57,197,8,a
1,1,b23f34672fbfc7a2,47,36,8,a
2,1,6e5b490c161cb41c,67,151,8,a
0,1,8cb9e4147a225814,199,7,8,a
0,1,8cb9e4147a225814,7,80,8,a
1,1,b23f34672fbfc7a2,70,7,8,a
1,1,b23f34672fbfc7a2,20,47,8,a
0,1,8cb9e4147a225814,37,164,8,a
2,1,6e5b490c161cb41c,82,40,8,a
2,1,6e5b490c161cb41c,163,125,8,a
0,1,8cb9e4147a225814,161,118,8,a
0,1,8cb9e4147a225814,117,125,8,a
1,1,b23f34672fbfc7a2,26,119,8,a
2,1,6e5b490c161cb41c,39,28,8,a
1,1,b23f34672fbfc7a2,107,110,8,a
0,1,8cb9e4147a225814,157,168,8,a
2,1,6e5b490c161cb41c,187,36,8,a
2,1,6e5b490c161cb41c,54,77,8,a
2,1,6e5b490c161cb41c,193,191,8,a
2,1,6e5b490c161cb41c,147,166,8,a
2,1,6e5b490c161cb41c,19,186,8,a
1,1,b23f34672fbfc7a2,159,90,8,a
1,1,b23f34672fbfc7a2,138,7,8,a
0,1,8cb9e4147a225814,84,57,9,p
1,1,b23f34672fbfc7a2,7,138,9,p
2,1,6e5b490c161cb41c,191,193,9,p
1,1,b23f34672fbfc7a2,7,70,9,p
1,1,b23f34672fbfc7a2,110,107,9,p
2,1,6e5b490c161cb41c,21,82,9,p
1,1,b23f34672fbfc7a2,114,120,9,p
1,1,b23f34672fbfc7a2,95,96,9,p
1,1,b23f34672fbfc7a2,31,26,9,p
0,1,8cb9e4147a225814,43,161,9,p
0,1,8cb9e4147a225814,9,46,9,p
0,1,8cb9e4147a225814,27,178,9,p
0,1,8cb9e4147a225814,0,199,9,p
2,1,6e5b490c161cb41c,99,67,9,p
2,1,6e5b490c161cb41c,44,77,9,p
1,1,b23f34672fbfc7a2,3,159,9,p
2,1,6e5b490c161cb41c,101,3,9,p
2,1,6e5b490c161cb41c,53,163,9,p
0,1,8cb9e4147a225814,43,157,9,p
1,1,b23f34672fbfc7a2,113,48,9,p
