# Wed Nov 22 11:47:06 2017
#simulation with:
#SEED 1
#N_AGENTS 203
#N_USERS 200
#N_SOURCES 3
#P_a 0.025
#P_s 0.25
#dim 3
#time 100
#memorySize 1
source,timec,news,ag1,ag2,time,type
2,1,4c371c9a075a15b8,2,2,1,c
1,1,ef659eb040a04944,1,1,1,c
0,1,ef70e76ac1f60a40,0,0,1,c
1,1,ef659eb040a04944,1,24,2,p
2,1,4c371c9a075a15b8,2,60,2,p
0,1,ef70e76ac1f60a40,0,40,2,p
2,1,4c371c9a075a15b8,2,34,2,p
2,1,4c371c9a075a15b8,2,108,2,p
2,1,4c371c9a075a15b8,2,102,2,p
2,1,4c371c9a075a15b8,2,156,2,p
1,1,ef659eb040a04944,1,13,2,p
2,1,4c371c9a075a15b8,2,85,2,p
0,1,ef70e76ac1f60a40,0,109,2,p
2,1,4c371c9a075a15b8,108,118,2,p
1,1,ef659eb040a04944,1,35,2,p
0,1,ef70e76ac1f60a40,0,106,2,p
0,1,ef70e76ac1f60a40,0,110,2,p
2,1,4c371c9a075a15b8,2,175,2,p
0,1,ef70e76ac1f60a40,0,177,2,p
1,1,ef659eb040a04944,35,30,2,a
2,1,4c371c9a075a15b8,60,195,2,a
2,1,4c371c9a075a15b8,118,110,2,a
2,1,4c371c9a075a15b8,156,162,2,a
0,1,ef70e76ac1f60a40,106,196,2,a
2,1,4c371c9a075a15b8,175,147,2,a
0,1,ef70e76ac1f60a40,177,64,2,a
2,1,4c371c9a075a15b8,85,78,2,a
2,1,4c371c9a075a15b8,102,188,2,a
0,1,ef70e76ac1f60a40,109,135,2,a
2,1,4c371c9a075a15b8,110,58,2,a
1,1,ef659eb040a04944,24,72,2,a
1,1,ef659eb040a04944,13,97,2,a
2,1,4c371c9a075a15b8,108,164,2,a
2,1,4c371c9a075a15b8,34,55,2,a
0,1,ef70e76ac1f60a40,40,126,2,a
2,1,4c371c9a075a15b8,188,60,3,p
1,1,ef659eb040a04944,97,13,3,p
2,1,4c371c9a075a15b8,188,102,3,p
2,1,4c371c9a075a15b8,110,108,3,p
0,1,ef70e76ac1f60a40,126,40,3,p
2,1,4c371c9a075a15b8,147,175,3,p
2,1,4c371c9a075a15b8,188,14,3,p
1,1,ef659eb040a04944,30,35,3,p
2,1,4c371c9a075a15b8,55,34,3,p
2,1,4c371c9a075a15b8,108,118,3,p
2,1,4c371c9a075a15b8,162,156,3,p
0,1,ef70e76ac1f60a40,0,110,3,p
1,1,ef659eb040a04944,72,24,3,p
2,1,4c371c9a075a15b8,78,85,3,p
0,1,ef70e76ac1f60a40,64,177,3,p
0,1,ef70e76ac1f60a40,196,106,3,p
0,1,ef70e76ac1f60a40,115,109,3,p
0,1,ef70e76ac1f60a40,177,64,3,a
0,1,ef70e76ac1f60a40,109,135,3,a
2,1,4c371c9a075a15b8,156,162,3,a
2,1,4c371c9a075a15b8,34,55,3,a
1,1,ef659eb040a04944,35,30,3,a
1,1,ef659eb040a04944,24,72,3,a
2,1,4c371c9a075a15b8,175,147,3,a
2,1,4c371c9a075a15b8,14,151,3,a
2,1,4c371c9a075a15b8,60,195,3,a
2,1,4c371c9a075a15b8,118,110,3,a
0,1,ef70e76ac1f60a40,0,37,4,p
2,1,4c371c9a075a15b8,14,69,4,p
2,1,4c371c9a075a15b8,2,155,4,p
2,1,4c371c9a075a15b8,2,16,4,p
2,1,4c371c9a075a15b8,2,112,4,p
0,1,ef70e76ac1f60a40,0,140,4,p
2,1,4c371c9a075a15b8,60,104,4,p
1,1,ef659eb040a04944,72,24,4,p
2,1,4c371c9a075a15b8,151,75,4,p
1,1,ef659eb040a04944,1,121,4,p
0,1,ef70e76ac1f60a40,140,107,4,p
2,1,4c371c9a075a15b8,104,60,4,p
2,1,4c371c9a075a15b8,14,201,4,p
0,1,ef70e76ac1f60a40,115,146,4,p
0,1,ef70e76ac1f60a40,115,109,4,p
1,1,ef659eb040a04944,30,35,4,p
2,1,4c371c9a075a15b8,147,175,4,p
2,1,4c371c9a075a15b8,162,156,4,p
2,1,4c371c9a075a15b8,108,118,4,p
0,1,ef70e76ac1f60a40,177,71,4,p
1,1,ef659eb040a04944,1,154,4,p
1,1,ef659eb040a04944,1,192,4,p
0,1,ef70e76ac1f60a40,0,11,4,p
2,1,4c371c9a075a15b8,195,120,4,p
2,1,4c371c9a075a15b8,55,34,4,p
0,1,ef70e76ac1f60a40,177,173,4,p
2,1,4c371c9a075a15b8,2,178,4,p
1,1,ef659eb040a04944,97,148,4,p
1,1,ef659eb040a04944,154,43,4,p
2,1,4c371c9a075a15b8,60,20,4,p
2,1,4c371c9a075a15b8,162,25,4,p
1,1,ef659eb040a04944,121,12,4,p
2,1,4c371c9a075a15b8,69,14,4,p
1,1,ef659eb040a04944,148,186,4,p
2,1,4c371c9a075a15b8,195,124,4,p
1,1,ef659eb040a04944,1,55,4,p
0,1,ef70e76ac1f60a40,146,99,4,p
1,1,ef659eb040a04944,1,52,4,p
1,1,ef659eb040a04944,72,38,4,p
0,1,ef70e76ac1f60a40,71,200,4,p
1,1,ef659eb040a04944,186,191,4,p
2,1,4c371c9a075a15b8,14,57,4,p
0,1,ef70e76ac1f60a40,64,177,4,p
1,1,ef659eb040a04944,192,44,4,p
1,1,ef659eb040a04944,13,150,4,p
0,1,ef70e76ac1f60a40,173,193,4,a
1,1,ef659eb040a04944,186,116,4,a
0,1,ef70e76ac1f60a40,146,182,4,a
1,1,ef659eb040a04944,44,137,4,a
1,1,ef659eb040a04944,38,111,4,a
0,1,ef70e76ac1f60a40,37,191,4,a
2,1,4c371c9a075a15b8,57,170,4,a
0,1,ef70e76ac1f60a40,140,31,4,a
1,1,ef659eb040a04944,148,97,4,a
0,1,ef70e76ac1f60a40,182,146,4,a
1,1,ef659eb040a04944,24,72,4,a
1,1,ef659eb040a04944,12,101,4,a
1,1,ef659eb040a04944,192,108,4,a
0,1,ef70e76ac1f60a40,99,146,4,a
2,1,4c371c9a075a15b8,112,76,4,a
2,1,4c371c9a075a15b8,156,162,4,a
1,1,ef659eb040a04944,154,28,4,a
2,1,4c371c9a075a15b8,69,14,4,a
2,1,4c371c9a075a15b8,124,47,4,a
1,1,ef659eb040a04944,43,102,4,a
2,1,4c371c9a075a15b8,120,10,4,a
2,1,4c371c9a075a15b8,75,15,4,a
0,1,ef70e76ac1f60a40,71,83,4,a
1,1,ef659eb040a04944,55,61,4,a
2,1,4c371c9a075a15b8,201,164,4,a
2,1,4c371c9a075a15b8,16,21,4,a
0,1,ef70e76ac1f60a40,109,135,4,a
1,1,ef659eb040a04944,150,31,4,a
1,1,ef659eb040a04944,52,143,4,a
0,1,ef70e76ac1f60a40,115,109,4,a
2,1,4c371c9a075a15b8,60,195,4,a
1,1,ef659eb040a04944,137,49,4,a
0,1,ef70e76ac1f60a40,191,37,4,a
2,1,4c371c9a075a15b8,20,42,4,a
2,1,4c371c9a075a15b8,155,92,4,a
0,1,ef70e76ac1f60a40,107,90,4,a
0,1,ef70e76ac1f60a40,177,64,4,a
2,1,4c371c9a075a15b8,104,183,4,a
1,1,ef659eb040a04944,121,159,4,a
2,1,4c371c9a075a15b8,195,60,4,a
2,1,4c371c9a075a15b8,118,110,4,a
2,1,4c371c9a075a15b8,178,26,4,a
2,1,4c371c9a075a15b8,25,12,4,a
0,1,ef70e76ac1f60a40,200,159,4,a
0,1,ef70e76ac1f60a40,0,153,5,p
0,1,ef70e76ac1f60a40,0,9,5,p
1,1,ef659eb040a04944,31,29,5,p
0,1,ef70e76ac1f60a40,71,200,5,p
2,1,4c371c9a075a15b8,92,155,5,p
1,1,ef659eb040a04944,44,137,5,p
1,1,ef659eb040a04944,24,49,5,p
0,1,ef70e76ac1f60a40,159,141,5,p
2,1,4c371c9a075a15b8,104,138,5,p
1,1,ef659eb040a04944,102,43,5,p
1,1,ef659eb040a04944,186,191,5,p
1,1,ef659eb040a04944,143,96,5,p
1,1,ef659eb040a04944,49,86,5,p
1,1,ef659eb040a04944,1,88,5,p
1,1,ef659eb040a04944,143,52,5,p
1,1,ef659eb040a04944,97,148,5,p
2,1,4c371c9a075a15b8,21,16,5,p
1,1,ef659eb040a04944,28,140,5,p
0,1,ef70e76ac1f60a40,146,99,5,p
1,1,ef659eb040a04944,30,15,5,p
1,1,ef659eb040a04944,140,107,5,p
1,1,ef659eb040a04944,107,90,5,p
2,1,4c371c9a075a15b8,10,120,5,p
1,1,ef659eb040a04944,1,95,5,p
2,1,4c371c9a075a15b8,26,178,5,p
1,1,ef659eb040a04944,101,12,5,p
2,1,4c371c9a075a15b8,138,103,5,p
1,1,ef659eb040a04944,101,183,5,p
1,1,ef659eb040a04944,116,186,5,p
2,1,4c371c9a075a15b8,162,25,5,p
1,1,ef659eb040a04944,192,169,5,p
1,1,ef659eb040a04944,97,132,5,p
2,1,4c371c9a075a15b8,2,165,5,p
1,1,ef659eb040a04944,86,3,5,p
1,1,ef659eb040a04944,96,41,5,p
2,1,4c371c9a075a15b8,10,46,5,p
1,1,ef659eb040a04944,49,24,5,p
0,1,ef70e76ac1f60a40,115,109,5,p
1,1,ef659eb040a04944,148,185,5,p
0,1,ef70e76ac1f60a40,99,146,5,p
0,1,ef70e76ac1f60a40,106,31,5,p
0,1,ef70e76ac1f60a40,0,198,5,p
0,1,ef70e76ac1f60a40,159,23,5,p
2,1,4c371c9a075a15b8,162,156,5,p
1,1,ef659eb040a04944,3,116,5,p
0,1,ef70e76ac1f60a40,0,39,5,p
2,1,4c371c9a075a15b8,47,124,5,p
1,1,ef659eb040a04944,111,201,5,p
2,1,4c371c9a075a15b8,20,60,5,p
1,1,ef659eb040a04944,28,154,5,p
1,1,ef659eb040a04944,52,63,5,p
0,1,ef70e76ac1f60a40,0,11,5,p
1,1,ef659eb040a04944,86,8,5,p
1,1,ef659eb040a04944,12,121,5,p
1,1,ef659eb040a04944,3,19,5,p
2,1,4c371c9a075a15b8,14,57,5,p
1,1,ef659eb040a04944,1,5,5,p
2,1,4c371c9a075a15b8,195,67,5,p
1,1,ef659eb040a04944,108,135,5,p
0,1,ef70e76ac1f60a40,0,176,5,p
1,1,ef659eb040a04944,1,115,5,p
1,1,ef659eb040a04944,102,188,5,p
1,1,ef659eb040a04944,3,182,5,p
2,1,4c371c9a075a15b8,20,104,5,p
1,1,ef659eb040a04944,150,181,5,p
1,1,ef659eb040a04944,28,55,5,p
0,1,ef70e76ac1f60a40,0,145,5,p
1,1,ef659eb040a04944,1,84,5,p
1,1,ef659eb040a04944,135,158,5,p
2,1,4c371c9a075a15b8,21,37,5,p
1,1,ef659eb040a04944,13,50,5,p
2,1,4c371c9a075a15b8,16,194,5,p
1,1,ef659eb040a04944,132,71,5,p
2,1,4c371c9a075a15b8,26,177,5,p
0,1,ef70e76ac1f60a40,0,174,5,p
1,1,ef659eb040a04944,72,38,5,p
1,1,ef659eb040a04944,13,150,5,p
1,1,ef659eb040a04944,38,119,5,p
1,1,ef659eb040a04944,55,28,5,p
2,1,4c371c9a075a15b8,14,69,5,p
0,1,ef70e76ac1f60a40,141,68,5,p
2,1,4c371c9a075a15b8,10,6,5,p
0,1,ef70e76ac1f60a40,0,184,5,p
1,1,ef659eb040a04944,137,20,5,p
2,1,4c371c9a075a15b8,16,26,5,p
0,1,ef70e76ac1f60a40,193,173,5,p
1,1,ef659eb040a04944,44,192,5,p
0,1,ef70e76ac1f60a40,64,59,5,p
1,1,ef659eb040a04944,137,44,5,p
1,1,ef659eb040a04944,41,195,5,p
1,1,ef659eb040a04944,1,127,5,p
2,1,4c371c9a075a15b8,110,118,5,p
1,1,ef659eb040a04944,5,170,5,p
2,1,4c371c9a075a15b8,76,112,5,p
1,1,ef659eb040a04944,3,160,5,p
1,1,ef659eb040a04944,15,75,5,p
1,1,ef659eb040a04944,38,111,5,p
1,1,ef659eb040a04944,38,117,5,p
1,1,ef659eb040a04944,132,107,5,a
1,1,ef659eb040a04944,182,146,5,a
2,1,4c371c9a075a15b8,69,14,5,a
2,1,4c371c9a075a15b8,112,76,5,a
1,1,ef659eb040a04944,90,107,5,a
1,1,ef659eb040a04944,5,141,5,a
0,1,ef70e76ac1f60a40,99,146,5,a
0,1,ef70e76ac1f60a40,126,40,5,a
2,1,4c371c9a075a15b8,104,183,5,a
1,1,ef659eb040a04944,30,35,5,a
1,1,ef659eb040a04944,8,179,5,a
1,1,ef659eb040a04944,116,186,5,a
1,1,ef659eb040a04944,186,116,5,a
1,1,ef659eb040a04944,115,109,5,a
1,1,ef659eb040a04944,137,49,5,a
1,1,ef659eb040a04944,185,188,5,a
1,1,ef659eb040a04944,72,24,5,a
1,1,ef659eb040a04944,52,143,5,a
1,1,ef659eb040a04944,179,8,5,a
2,1,4c371c9a075a15b8,26,178,5,a
0,1,ef70e76ac1f60a40,146,182,5,a
1,1,ef659eb040a04944,191,37,5,a
1,1,ef659eb040a04944,195,60,5,a
1,1,ef659eb040a04944,3,19,5,a
1,1,ef659eb040a04944,119,114,5,a
0,1,ef70e76ac1f60a40,193,173,5,a
2,1,4c371c9a075a15b8,151,14,5,a
2,1,4c371c9a075a15b8,138,103,5,a
1,1,ef659eb040a04944,127,85,5,a
1,1,ef659eb040a04944,41,184,5,a
1,1,ef659eb040a04944,107,90,5,a
1,1,ef659eb040a04944,43,102,5,a
2,1,4c371c9a075a15b8,103,176,5,a
0,1,ef70e76ac1f60a40,200,159,5,a
2,1,4c371c9a075a15b8,176,103,5,a
0,1,ef70e76ac1f60a40,68,77,5,a
1,1,ef659eb040a04944,49,137,5,a
0,1,ef70e76ac1f60a40,198,91,5,a
0,1,ef70e76ac1f60a40,145,47,5,a
1,1,ef659eb040a04944,15,75,5,a
2,1,4c371c9a075a15b8,178,26,5,a
1,1,ef659eb040a04944,61,104,5,a
2,1,4c371c9a075a15b8,194,24,5,a
1,1,ef659eb040a04944,188,185,5,a
1,1,ef659eb040a04944,150,31,5,a
2,1,4c371c9a075a15b8,67,77,5,a
1,1,ef659eb040a04944,31,106,5,a
2,1,4c371c9a075a15b8,124,47,5,a
2,1,4c371c9a075a15b8,46,137,5,a
1,1,ef659eb040a04944,184,41,5,a
1,1,ef659eb040a04944,140,31,5,a
1,1,ef659eb040a04944,88,171,5,a
1,1,ef659eb040a04944,19,3,5,a
1,1,ef659eb040a04944,37,191,5,a
1,1,ef659eb040a04944,114,48,5,a
0,1,ef70e76ac1f60a40,153,187,5,a
2,1,4c371c9a075a15b8,120,10,5,a
2,1,4c371c9a075a15b8,57,170,5,a
1,1,ef659eb040a04944,158,135,5,a
2,1,4c371c9a075a15b8,165,167,5,a
2,1,4c371c9a075a15b8,6,168,5,a
1,1,ef659eb040a04944,95,119,5,a
1,1,ef659eb040a04944,84,113,5,a
1,1,ef659eb040a04944,50,39,5,a
1,1,ef659eb040a04944,117,129,5,a
1,1,ef659eb040a04944,169,157,5,a
1,1,ef659eb040a04944,141,5,5,a
2,1,4c371c9a075a15b8,183,104,5,a
2,1,4c371c9a075a15b8,10,120,5,a
1,1,ef659eb040a04944,60,195,5,a
1,1,ef659eb040a04944,181,91,5,a
1,1,ef659eb040a04944,20,42,5,a
1,1,ef659eb040a04944,160,174,5,a
1,1,ef659eb040a04944,28,55,5,a
2,1,4c371c9a075a15b8,118,110,5,a
1,1,ef659eb040a04944,192,108,5,a
1,1,ef659eb040a04944,174,160,5,a
1,1,ef659eb040a04944,135,48,5,a
2,1,4c371c9a075a15b8,76,180,5,a
1,1,ef659eb040a04944,111,38,5,a
1,1,ef659eb040a04944,63,106,5,a
0,1,ef70e76ac1f60a40,196,106,5,a
1,1,ef659eb040a04944,121,159,5,a
1,1,ef659eb040a04944,39,50,5,a
2,1,4c371c9a075a15b8,170,195,5,a
2,1,4c371c9a075a15b8,155,92,5,a
0,1,ef70e76ac1f60a40,59,4,5,a
1,1,ef659eb040a04944,29,73,5,a
1,1,ef659eb040a04944,38,111,5,a
2,1,4c371c9a075a15b8,21,105,5,a
0,1,ef70e76ac1f60a40,148,97,5,a
0,1,ef70e76ac1f60a40,23,159,5,a
0,1,ef70e76ac1f60a40,96,126,5,a
1,1,ef659eb040a04944,86,128,5,a
2,1,4c371c9a075a15b8,92,155,5,a
0,1,ef70e76ac1f60a40,147,175,5,a
1,1,ef659eb040a04944,141,68,6,p
1,1,ef659eb040a04944,41,196,6,p
1,1,ef659eb040a04944,12,121,6,p
1,1,ef659eb040a04944,86,8,6,p
1,1,ef659eb040a04944,38,119,6,p
2,1,4c371c9a075a15b8,105,142,6,p
1,1,ef659eb040a04944,3,179,6,p
1,1,ef659eb040a04944,13,50,6,p
2,1,4c371c9a075a15b8,21,37,6,p
1,1,ef659eb040a04944,137,147,6,p
1,1,ef659eb040a04944,3,87,6,p
0,1,ef70e76ac1f60a40,0,114,6,p
1,1,ef659eb040a04944,38,72,6,p
1,1,ef659eb040a04944,113,4,6,p
1,1,ef659eb040a04944,61,17,6,p
0,1,ef70e76ac1f60a40,148,186,6,p
1,1,ef659eb040a04944,39,27,6,p
1,1,ef659eb040a04944,60,188,6,p
2,1,4c371c9a075a15b8,138,104,6,p
1,1,ef659eb040a04944,113,145,6,p
1,1,ef659eb040a04944,38,111,6,p
0,1,ef70e76ac1f60a40,0,9,6,p
1,1,ef659eb040a04944,115,199,6,p
1,1,ef659eb040a04944,42,20,6,p
1,1,ef659eb040a04944,135,45,6,p
2,1,4c371c9a075a15b8,103,138,6,p
1,1,ef659eb040a04944,3,86,6,p
1,1,ef659eb040a04944,41,96,6,p
1,1,ef659eb040a04944,19,3,6,p
1,1,ef659eb040a04944,96,41,6,p
1,1,ef659eb040a04944,107,132,6,p
1,1,ef659eb040a04944,49,89,6,p
1,1,ef659eb040a04944,87,53,6,p
1,1,ef659eb040a04944,109,115,6,p
1,1,ef659eb040a04944,20,183,6,p
1,1,ef659eb040a04944,117,129,6,p
1,1,ef659eb040a04944,29,73,6,p
1,1,ef659eb040a04944,31,29,6,p
1,1,ef659eb040a04944,30,149,6,p
1,1,ef659eb040a04944,8,126,6,p
1,1,ef659eb040a04944,31,49,6,p
1,1,ef659eb040a04944,84,139,6,p
0,1,ef70e76ac1f60a40,64,59,6,p
2,1,4c371c9a075a15b8,155,92,6,p
2,1,4c371c9a075a15b8,71,200,6,p
1,1,ef659eb040a04944,129,157,6,p
2,1,4c371c9a075a15b8,104,60,6,p
1,1,ef659eb040a04944,121,91,6,p
1,1,ef659eb040a04944,20,137,6,p
1,1,ef659eb040a04944,53,94,6,p
1,1,ef659eb040a04944,15,30,6,p
2,1,4c371c9a075a15b8,14,57,6,p
0,1,ef70e76ac1f60a40,0,176,6,p
1,1,ef659eb040a04944,27,105,6,p
1,1,ef659eb040a04944,17,84,6,p
1,1,ef659eb040a04944,44,192,6,p
1,1,ef659eb040a04944,188,82,6,p
1,1,ef659eb040a04944,20,76,6,p
1,1,ef659eb040a04944,91,181,6,p
2,1,4c371c9a075a15b8,112,79,6,p
1,1,ef659eb040a04944,53,95,6,p
1,1,ef659eb040a04944,63,52,6,p
1,1,ef659eb040a04944,3,116,6,p
1,1,ef659eb040a04944,94,58,6,p
0,1,ef70e76ac1f60a40,0,31,6,p
2,1,4c371c9a075a15b8,165,193,6,p
1,1,ef659eb040a04944,13,97,6,p
2,1,4c371c9a075a15b8,26,178,6,p
1,1,ef659eb040a04944,30,152,6,p
1,1,ef659eb040a04944,55,28,6,p
1,1,ef659eb040a04944,17,61,6,p
0,1,ef70e76ac1f60a40,146,99,6,p
2,1,4c371c9a075a15b8,14,151,6,p
1,1,ef659eb040a04944,91,198,6,p
0,1,ef70e76ac1f60a40,0,39,6,p
1,1,ef659eb040a04944,86,167,6,p
1,1,ef659eb040a04944,72,38,6,p
2,1,4c371c9a075a15b8,77,67,6,p
1,1,ef659eb040a04944,1,22,6,p
2,1,4c371c9a075a15b8,16,194,6,p
2,1,4c371c9a075a15b8,10,46,6,p
1,1,ef659eb040a04944,53,51,6,p
0,1,ef70e76ac1f60a40,64,32,6,p
1,1,ef659eb040a04944,140,125,6,p
1,1,ef659eb040a04944,108,74,6,p
1,1,ef659eb040a04944,102,43,6,p
1,1,ef659eb040a04944,137,162,6,p
2,1,4c371c9a075a15b8,110,118,6,p
1,1,ef659eb040a04944,3,47,6,p
0,1,ef70e76ac1f60a40,187,153,6,p
1,1,ef659eb040a04944,107,90,6,p
1,1,ef659eb040a04944,63,98,6,p
2,1,4c371c9a075a15b8,24,23,6,p
1,1,ef659eb040a04944,30,15,6,p
1,1,ef659eb040a04944,108,164,6,p
0,1,ef70e76ac1f60a40,159,141,6,p
2,1,4c371c9a075a15b8,193,165,6,p
1,1,ef659eb040a04944,90,93,6,p
2,1,4c371c9a075a15b8,16,26,6,p
1,1,ef659eb040a04944,171,5,6,p
1,1,ef659eb040a04944,143,33,6,p
2,1,4c371c9a075a15b8,10,120,6,p
1,1,ef659eb040a04944,196,122,6,p
1,1,ef659eb040a04944,157,169,6,p
1,1,ef659eb040a04944,38,117,6,p
1,1,ef659eb040a04944,20,133,6,p
2,1,4c371c9a075a15b8,60,36,6,p
2,1,4c371c9a075a15b8,92,155,6,p
1,1,ef659eb040a04944,5,170,6,p
1,1,ef659eb040a04944,3,19,6,p
1,1,ef659eb040a04944,74,187,6,p
0,1,ef70e76ac1f60a40,99,146,6,p
2,1,4c371c9a075a15b8,14,69,6,p
2,1,4c371c9a075a15b8,79,112,6,p
1,1,ef659eb040a04944,28,140,6,p
2,1,4c371c9a075a15b8,67,100,6,p
1,1,ef659eb040a04944,5,171,6,p
1,1,ef659eb040a04944,52,63,6,p
1,1,ef659eb040a04944,3,160,6,p
1,1,ef659eb040a04944,5,103,6,p
2,1,4c371c9a075a15b8,24,130,6,p
1,1,ef659eb040a04944,90,107,6,p
2,1,4c371c9a075a15b8,36,80,6,p
1,1,ef659eb040a04944,86,10,6,p
2,1,4c371c9a075a15b8,110,190,6,p
2,1,4c371c9a075a15b8,168,6,6,p
1,1,ef659eb040a04944,51,62,6,p
1,1,ef659eb040a04944,108,166,6,p
2,1,4c371c9a075a15b8,195,124,6,p
0,1,ef70e76ac1f60a40,0,184,6,p
1,1,ef659eb040a04944,55,81,6,p
1,1,ef659eb040a04944,17,135,6,p
1,1,ef659eb040a04944,97,148,6,p
1,1,ef659eb040a04944,85,127,6,p
1,1,ef659eb040a04944,171,168,6,p
1,1,ef659eb040a04944,13,150,6,p
1,1,ef659eb040a04944,84,21,6,p
1,1,ef659eb040a04944,35,197,6,p
2,1,4c371c9a075a15b8,100,174,6,p
1,1,ef659eb040a04944,3,42,6,p
1,1,ef659eb040a04944,20,77,6,p
1,1,ef659eb040a04944,41,195,6,p
1,1,ef659eb040a04944,171,88,6,p
1,1,ef659eb040a04944,48,163,6,p
1,1,ef659eb040a04944,85,134,6,p
1,1,ef659eb040a04944,50,185,6,p
1,1,ef659eb040a04944,3,182,6,p
1,1,ef659eb040a04944,183,144,6,p
1,1,ef659eb040a04944,15,180,6,p
1,1,ef659eb040a04944,135,158,6,p
1,1,ef659eb040a04944,187,191,6,p
1,1,ef659eb040a04944,115,172,6,p
1,1,ef659eb040a04944,89,187,6,a
1,1,ef659eb040a04944,61,104,6,a
1,1,ef659eb040a04944,47,124,6,a
1,1,ef659eb040a04944,93,18,6,a
1,1,ef659eb040a04944,179,8,6,a
2,1,4c371c9a075a15b8,69,14,6,a
1,1,ef659eb040a04944,38,111,6,a
1,1,ef659eb040a04944,51,62,6,a
1,1,ef659eb040a04944,97,13,6,a
1,1,ef659eb040a04944,129,139,6,a
1,1,ef659eb040a04944,82,188,6,a
2,1,4c371c9a075a15b8,80,136,6,a
0,1,ef70e76ac1f60a40,32,64,6,a
2,1,4c371c9a075a15b8,100,81,6,a
2,1,4c371c9a075a15b8,36,60,6,a
1,1,ef659eb040a04944,157,169,6,a
0,1,ef70e76ac1f60a40,153,187,6,a
1,1,ef659eb040a04944,84,113,6,a
2,1,4c371c9a075a15b8,79,139,6,a
0,1,ef70e76ac1f60a40,39,50,6,a
1,1,ef659eb040a04944,199,115,6,a
1,1,ef659eb040a04944,124,47,6,a
1,1,ef659eb040a04944,72,24,6,a
0,1,ef70e76ac1f60a40,176,103,6,a
1,1,ef659eb040a04944,135,48,6,a
1,1,ef659eb040a04944,191,37,6,a
2,1,4c371c9a075a15b8,190,84,6,a
1,1,ef659eb040a04944,152,136,6,a
1,1,ef659eb040a04944,167,172,6,a
1,1,ef659eb040a04944,74,108,6,a
1,1,ef659eb040a04944,197,47,6,a
1,1,ef659eb040a04944,172,167,6,a
1,1,ef659eb040a04944,86,128,6,a
1,1,ef659eb040a04944,19,3,6,a
1,1,ef659eb040a04944,77,166,6,a
2,1,4c371c9a075a15b8,81,100,6,a
1,1,ef659eb040a04944,30,35,6,a
1,1,ef659eb040a04944,10,120,6,a
2,1,4c371c9a075a15b8,139,129,6,a
1,1,ef659eb040a04944,116,186,6,a
2,1,4c371c9a075a15b8,130,188,6,a
1,1,ef659eb040a04944,147,175,6,a
2,1,4c371c9a075a15b8,151,14,6,a
1,1,ef659eb040a04944,73,29,6,a
1,1,ef659eb040a04944,137,49,6,a
2,1,4c371c9a075a15b8,46,137,6,a
1,1,ef659eb040a04944,164,108,6,a
1,1,ef659eb040a04944,166,77,6,a
1,1,ef659eb040a04944,111,38,6,a
0,1,ef70e76ac1f60a40,146,182,6,a
1,1,ef659eb040a04944,105,23,6,a
1,1,ef659eb040a04944,145,47,6,a
1,1,ef659eb040a04944,53,110,6,a
1,1,ef659eb040a04944,160,174,6,a
1,1,ef659eb040a04944,76,180,6,a
1,1,ef659eb040a04944,62,51,6,a
1,1,ef659eb040a04944,98,63,6,a
1,1,ef659eb040a04944,21,105,6,a
1,1,ef659eb040a04944,91,121,6,a
1,1,ef659eb040a04944,196,106,6,a
1,1,ef659eb040a04944,122,196,6,a
1,1,ef659eb040a04944,104,183,6,a
1,1,ef659eb040a04944,107,90,6,a
1,1,ef659eb040a04944,144,80,6,a
1,1,ef659eb040a04944,58,110,6,a
1,1,ef659eb040a04944,133,20,6,a
2,1,4c371c9a075a15b8,67,77,6,a
2,1,4c371c9a075a15b8,165,167,6,a
1,1,ef659eb040a04944,128,86,6,a
1,1,ef659eb040a04944,181,91,6,a
1,1,ef659eb040a04944,136,3,6,a
0,1,ef70e76ac1f60a40,83,56,6,a
0,1,ef70e76ac1f60a40,159,121,6,a
1,1,ef659eb040a04944,163,171,6,a
1,1,ef659eb040a04944,22,128,6,a
1,1,ef659eb040a04944,94,58,6,a
1,1,ef659eb040a04944,158,135,6,a
1,1,ef659eb040a04944,87,15,6,a
1,1,ef659eb040a04944,5,141,6,a
1,1,ef659eb040a04944,140,31,6,a
1,1,ef659eb040a04944,45,135,6,a
0,1,ef70e76ac1f60a40,114,48,6,a
1,1,ef659eb040a04944,4,59,6,a
2,1,4c371c9a075a15b8,142,161,6,a
1,1,ef659eb040a04944,117,129,6,a
1,1,ef659eb040a04944,180,76,6,a
2,1,4c371c9a075a15b8,188,185,6,a
1,1,ef659eb040a04944,125,123,6,a
1,1,ef659eb040a04944,29,73,6,a
1,1,ef659eb040a04944,27,105,6,a
1,1,ef659eb040a04944,174,160,6,a
0,1,ef70e76ac1f60a40,64,177,6,a
1,1,ef659eb040a04944,49,137,6,a
1,1,ef659eb040a04944,168,6,6,a
1,1,ef659eb040a04944,162,156,6,a
1,1,ef659eb040a04944,18,93,6,a
1,1,ef659eb040a04944,41,184,6,a
1,1,ef659eb040a04944,169,157,6,a
2,1,4c371c9a075a15b8,92,155,6,a
2,1,4c371c9a075a15b8,78,85,6,a
1,1,ef659eb040a04944,149,151,6,a
1,1,ef659eb040a04944,119,114,6,a
1,1,ef659eb040a04944,88,171,6,a
1,1,ef659eb040a04944,126,40,6,a
0,1,ef70e76ac1f60a40,187,188,6,a
1,1,ef659eb040a04944,33,60,6,a
1,1,ef659eb040a04944,134,183,6,a
1,1,ef659eb040a04944,3,19,6,a
1,1,ef659eb040a04944,171,163,6,a
1,1,ef659eb040a04944,127,85,6,a
1,1,ef659eb040a04944,17,84,6,a
1,1,ef659eb040a04944,15,75,6,a
1,1,ef659eb040a04944,42,20,6,a
2,1,4c371c9a075a15b8,178,26,6,a
1,1,ef659eb040a04944,52,143,6,a
2,1,4c371c9a075a15b8,193,173,6,a
1,1,ef659eb040a04944,90,107,6,a
0,1,ef70e76ac1f60a40,48,197,7,p
1,1,ef659eb040a04944,85,127,7,p
0,1,ef70e76ac1f60a40,187,153,7,p
1,1,ef659eb040a04944,135,158,7,p
2,1,4c371c9a075a15b8,81,146,7,p
1,1,ef659eb040a04944,108,164,7,p
1,1,ef659eb040a04944,61,17,7,p
2,1,4c371c9a075a15b8,100,174,7,p
1,1,ef659eb040a04944,31,134,7,p
1,1,ef659eb040a04944,20,137,7,p
1,1,ef659eb040a04944,171,88,7,p
1,1,ef659eb040a04944,196,122,7,p
1,1,ef659eb040a04944,105,27,7,p
1,1,ef659eb040a04944,24,49,7,p
1,1,ef659eb040a04944,157,169,7,p
1,1,ef659eb040a04944,38,111,7,p
1,1,ef659eb040a04944,102,54,7,p
0,1,ef70e76ac1f60a40,48,114,7,p
1,1,ef659eb040a04944,18,51,7,p
1,1,ef659eb040a04944,30,152,7,p
2,1,4c371c9a075a15b8,34,113,7,p
1,1,ef659eb040a04944,137,147,7,p
1,1,ef659eb040a04944,74,187,7,p
1,1,ef659eb040a04944,38,117,7,p
1,1,ef659eb040a04944,8,189,7,p
1,1,ef659eb040a04944,23,202,7,p
1,1,ef659eb040a04944,15,30,7,p
1,1,ef659eb040a04944,31,29,7,p
1,1,ef659eb040a04944,84,139,7,p
2,1,4c371c9a075a15b8,36,80,7,p
1,1,ef659eb040a04944,3,179,7,p
1,1,ef659eb040a04944,127,91,7,p
1,1,ef659eb040a04944,101,123,7,p
2,1,4c371c9a075a15b8,26,7,7,p
2,1,4c371c9a075a15b8,26,178,7,p
1,1,ef659eb040a04944,183,144,7,p
1,1,ef659eb040a04944,55,81,7,p
2,1,4c371c9a075a15b8,71,83,7,p
1,1,ef659eb040a04944,91,181,7,p
0,1,ef70e76ac1f60a40,0,101,7,p
1,1,ef659eb040a04944,3,47,7,p
1,1,ef659eb040a04944,37,22,7,p
1,1,ef659eb040a04944,53,94,7,p
1,1,ef659eb040a04944,104,48,7,p
0,1,ef70e76ac1f60a40,0,9,7,p
1,1,ef659eb040a04944,18,172,7,p
2,1,4c371c9a075a15b8,92,130,7,p
1,1,ef659eb040a04944,3,42,7,p
1,1,ef659eb040a04944,59,4,7,p
2,1,4c371c9a075a15b8,165,193,7,p
0,1,ef70e76ac1f60a40,32,64,7,p
1,1,ef659eb040a04944,48,163,7,p
1,1,ef659eb040a04944,60,33,7,p
1,1,ef659eb040a04944,28,140,7,p
1,1,ef659eb040a04944,5,171,7,p
2,1,4c371c9a075a15b8,100,67,7,p
1,1,ef659eb040a04944,37,191,7,p
1,1,ef659eb040a04944,20,76,7,p
1,1,ef659eb040a04944,21,196,7,p
1,1,ef659eb040a04944,18,98,7,p
2,1,4c371c9a075a15b8,130,92,7,p
1,1,ef659eb040a04944,103,5,7,p
1,1,ef659eb040a04944,21,105,7,p
1,1,ef659eb040a04944,37,21,7,p
1,1,ef659eb040a04944,51,53,7,p
1,1,ef659eb040a04944,19,3,7,p
2,1,4c371c9a075a15b8,112,79,7,p
1,1,ef659eb040a04944,23,70,7,p
1,1,ef659eb040a04944,17,84,7,p
1,1,ef659eb040a04944,15,180,7,p
1,1,ef659eb040a04944,129,157,7,p
0,1,ef70e76ac1f60a40,0,190,7,p
1,1,ef659eb040a04944,108,74,7,p
2,1,4c371c9a075a15b8,71,46,7,p
1,1,ef659eb040a04944,23,65,7,p
1,1,ef659eb040a04944,51,18,7,p
2,1,4c371c9a075a15b8,79,142,7,p
1,1,ef659eb040a04944,3,87,7,p
1,1,ef659eb040a04944,20,133,7,p
1,1,ef659eb040a04944,49,89,7,p
1,1,ef659eb040a04944,8,126,7,p
1,1,ef659eb040a04944,33,143,7,p
1,1,ef659eb040a04944,63,52,7,p
1,1,ef659eb040a04944,115,199,7,p
2,1,4c371c9a075a15b8,200,159,7,p
1,1,ef659eb040a04944,94,58,7,p
1,1,ef659eb040a04944,3,160,7,p
1,1,ef659eb040a04944,85,78,7,p
1,1,ef659eb040a04944,70,38,7,p
1,1,ef659eb040a04944,47,145,7,p
0,1,ef70e76ac1f60a40,0,82,7,p
1,1,ef659eb040a04944,17,61,7,p
2,1,4c371c9a075a15b8,80,136,7,p
1,1,ef659eb040a04944,60,188,7,p
1,1,ef659eb040a04944,51,62,7,p
1,1,ef659eb040a04944,22,128,7,p
1,1,ef659eb040a04944,123,125,7,p
1,1,ef659eb040a04944,30,149,7,p
1,1,ef659eb040a04944,3,86,7,p
1,1,ef659eb040a04944,86,10,7,p
1,1,ef659eb040a04944,23,72,7,p
1,1,ef659eb040a04944,59,167,7,p
1,1,ef659eb040a04944,17,135,7,p
1,1,ef659eb040a04944,23,90,7,p
1,1,ef659eb040a04944,3,116,7,p
2,1,4c371c9a075a15b8,80,36,7,p
1,1,ef659eb040a04944,18,93,7,p
2,1,4c371c9a075a15b8,14,69,7,p
2,1,4c371c9a075a15b8,14,151,7,p
2,1,4c371c9a075a15b8,138,104,7,p
1,1,ef659eb040a04944,90,107,7,p
2,1,4c371c9a075a15b8,2,124,7,p
2,1,4c371c9a075a15b8,193,165,7,p
1,1,ef659eb040a04944,103,176,7,p
1,1,ef659eb040a04944,38,119,7,p
0,1,ef70e76ac1f60a40,50,39,7,p
1,1,ef659eb040a04944,137,162,7,p
1,1,ef659eb040a04944,135,45,7,p
1,1,ef659eb040a04944,65,166,7,p
1,1,ef659eb040a04944,20,77,7,p
1,1,ef659eb040a04944,29,73,7,p
0,1,ef70e76ac1f60a40,64,32,7,p
1,1,ef659eb040a04944,96,41,7,p
1,1,ef659eb040a04944,13,97,7,p
1,1,ef659eb040a04944,30,15,7,p
2,1,4c371c9a075a15b8,67,100,7,p
1,1,ef659eb040a04944,3,19,7,p
1,1,ef659eb040a04944,171,168,7,p
1,1,ef659eb040a04944,117,129,7,p
2,1,4c371c9a075a15b8,142,161,7,p
1,1,ef659eb040a04944,54,131,7,p
1,1,ef659eb040a04944,21,105,7,a
1,1,ef659eb040a04944,89,187,7,a
1,1,ef659eb040a04944,122,196,7,a
1,1,ef659eb040a04944,107,90,7,a
1,1,ef659eb040a04944,70,163,7,a
1,1,ef659eb040a04944,108,164,7,a
2,1,4c371c9a075a15b8,67,77,7,a
1,1,ef659eb040a04944,72,24,7,a
1,1,ef659eb040a04944,167,172,7,a
1,1,ef659eb040a04944,171,163,7,a
1,1,ef659eb040a04944,47,124,7,a
1,1,ef659eb040a04944,179,8,7,a
1,1,ef659eb040a04944,13,97,7,a
1,1,ef659eb040a04944,105,23,7,a
1,1,ef659eb040a04944,33,60,7,a
1,1,ef659eb040a04944,123,125,7,a
2,1,4c371c9a075a15b8,83,56,7,a
1,1,ef659eb040a04944,143,38,7,a
1,1,ef659eb040a04944,81,100,7,a
1,1,ef659eb040a04944,135,48,7,a
1,1,ef659eb040a04944,126,40,7,a
1,1,ef659eb040a04944,199,115,7,a
1,1,ef659eb040a04944,19,3,7,a
0,1,ef70e76ac1f60a40,153,187,7,a
1,1,ef659eb040a04944,125,123,7,a
2,1,4c371c9a075a15b8,113,84,7,a
1,1,ef659eb040a04944,164,108,7,a
2,1,4c371c9a075a15b8,136,3,7,a
1,1,ef659eb040a04944,15,75,7,a
1,1,ef659eb040a04944,139,129,7,a
1,1,ef659eb040a04944,53,110,7,a
1,1,ef659eb040a04944,189,133,7,a
1,1,ef659eb040a04944,45,135,7,a
2,1,4c371c9a075a15b8,159,121,7,a
1,1,ef659eb040a04944,172,167,7,a
1,1,ef659eb040a04944,163,171,7,a
1,1,ef659eb040a04944,91,121,7,a
1,1,ef659eb040a04944,127,85,7,a
1,1,ef659eb040a04944,17,84,7,a
1,1,ef659eb040a04944,168,6,7,a
1,1,ef659eb040a04944,106,196,7,a
1,1,ef659eb040a04944,74,108,7,a
1,1,ef659eb040a04944,5,141,7,a
1,1,ef659eb040a04944,54,131,7,a
1,1,ef659eb040a04944,166,77,7,a
1,1,ef659eb040a04944,78,85,7,a
1,1,ef659eb040a04944,152,136,7,a
1,1,ef659eb040a04944,98,63,7,a
2,1,4c371c9a075a15b8,161,142,7,a
2,1,4c371c9a075a15b8,92,155,7,a
0,1,ef70e76ac1f60a40,39,50,7,a
1,1,ef659eb040a04944,160,174,7,a
1,1,ef659eb040a04944,128,86,7,a
1,1,ef659eb040a04944,93,18,7,a
1,1,ef659eb040a04944,18,93,7,a
1,1,ef659eb040a04944,131,86,7,a
1,1,ef659eb040a04944,61,104,7,a
1,1,ef659eb040a04944,30,35,7,a
1,1,ef659eb040a04944,102,188,7,a
1,1,ef659eb040a04944,202,185,7,a
0,1,ef70e76ac1f60a40,64,177,7,a
1,1,ef659eb040a04944,84,113,7,a
2,1,4c371c9a075a15b8,142,161,7,a
1,1,ef659eb040a04944,42,20,7,a
0,1,ef70e76ac1f60a40,101,12,7,a
1,1,ef659eb040a04944,48,114,7,a
1,1,ef659eb040a04944,157,169,7,a
1,1,ef659eb040a04944,110,58,7,a
1,1,ef659eb040a04944,51,62,7,a
1,1,ef659eb040a04944,149,151,7,a
2,1,4c371c9a075a15b8,3,19,7,a
1,1,ef659eb040a04944,49,137,7,a
1,1,ef659eb040a04944,29,73,7,a
0,1,ef70e76ac1f60a40,32,64,7,a
1,1,ef659eb040a04944,27,105,7,a
2,1,4c371c9a075a15b8,36,60,7,a
1,1,ef659eb040a04944,38,111,7,a
2,1,4c371c9a075a15b8,7,26,7,a
1,1,ef659eb040a04944,169,157,7,a
2,1,4c371c9a075a15b8,80,136,7,a
1,1,ef659eb040a04944,65,135,7,a
1,1,ef659eb040a04944,87,15,7,a
1,1,ef659eb040a04944,116,186,7,a
1,1,ef659eb040a04944,162,156,7,a
2,1,4c371c9a075a15b8,34,113,8,p
2,1,4c371c9a075a15b8,2,67,8,p
1,1,ef659eb040a04944,157,169,8,p
0,1,ef70e76ac1f60a40,50,39,8,p
1,1,ef659eb040a04944,59,167,8,p
1,1,ef659eb040a04944,17,116,8,p
2,1,4c371c9a075a15b8,26,108,8,p
0,1,ef70e76ac1f60a40,32,64,8,p
1,1,ef659eb040a04944,51,53,8,p
2,1,4c371c9a075a15b8,79,142,8,p
1,1,ef659eb040a04944,17,84,8,p
0,1,ef70e76ac1f60a40,187,153,8,p
1,1,ef659eb040a04944,105,27,8,p
1,1,ef659eb040a04944,126,40,8,p
1,1,ef659eb040a04944,174,160,8,p
1,1,ef659eb040a04944,1,74,8,p
1,1,ef659eb040a04944,49,89,8,p
1,1,ef659eb040a04944,85,78,8,p
1,1,ef659eb040a04944,104,48,8,p
1,1,ef659eb040a04944,54,131,8,p
2,1,4c371c9a075a15b8,60,36,8,p
1,1,ef659eb040a04944,8,189,8,p
1,1,ef659eb040a04944,48,163,8,p
1,1,ef659eb040a04944,129,157,8,p
1,1,ef659eb040a04944,137,162,8,p
1,1,ef659eb040a04944,31,106,8,p
1,1,ef659eb040a04944,24,49,8,p
1,1,ef659eb040a04944,143,33,8,p
1,1,ef659eb040a04944,18,51,8,p
2,1,4c371c9a075a15b8,56,83,8,p
2,1,4c371c9a075a15b8,142,161,8,p
1,1,ef659eb040a04944,23,70,8,p
1,1,ef659eb040a04944,70,38,8,p
1,1,ef659eb040a04944,33,143,8,p
1,1,ef659eb040a04944,30,149,8,p
1,1,ef659eb040a04944,22,128,8,p
1,1,ef659eb040a04944,85,127,8,p
1,1,ef659eb040a04944,18,98,8,p
1,1,ef659eb040a04944,8,126,8,p
1,1,ef659eb040a04944,102,47,8,p
1,1,ef659eb040a04944,15,87,8,p
1,1,ef659eb040a04944,55,81,8,p
1,1,ef659eb040a04944,90,107,8,p
1,1,ef659eb040a04944,8,179,8,p
1,1,ef659eb040a04944,6,168,8,p
2,1,4c371c9a075a15b8,136,101,8,p
1,1,ef659eb040a04944,5,171,8,p
1,1,ef659eb040a04944,15,30,8,p
1,1,ef659eb040a04944,1,19,8,p
2,1,4c371c9a075a15b8,200,159,8,p
1,1,ef659eb040a04944,21,105,8,p
2,1,4c371c9a075a15b8,36,80,8,p
1,1,ef659eb040a04944,102,54,8,p
1,1,ef659eb040a04944,30,152,8,p
1,1,ef659eb040a04944,37,21,8,p
1,1,ef659eb040a04944,31,29,8,p
1,1,ef659eb040a04944,152,164,8,p
0,1,ef70e76ac1f60a40,64,32,8,p
1,1,ef659eb040a04944,30,15,8,p
1,1,ef659eb040a04944,196,122,8,p
1,1,ef659eb040a04944,17,61,8,p
1,1,ef659eb040a04944,135,45,8,p
1,1,ef659eb040a04944,17,135,8,p
1,1,ef659eb040a04944,23,65,8,p
1,1,ef659eb040a04944,18,172,8,p
1,1,ef659eb040a04944,84,139,8,p
1,1,ef659eb040a04944,125,123,8,p
1,1,ef659eb040a04944,19,3,8,p
1,1,ef659eb040a04944,23,202,8,p
1,1,ef659eb040a04944,121,91,8,p
1,1,ef659eb040a04944,123,125,8,p
1,1,ef659eb040a04944,51,18,8,p
1,1,ef659eb040a04944,97,13,8,p
1,1,ef659eb040a04944,53,110,8,p
2,1,4c371c9a075a15b8,26,7,8,p
1,1,ef659eb040a04944,23,72,8,p
1,1,ef659eb040a04944,61,17,8,p
1,1,ef659eb040a04944,115,199,8,p
1,1,ef659eb040a04944,18,93,8,p
2,1,4c371c9a075a15b8,130,102,8,p
2,1,4c371c9a075a15b8,80,136,8,p
1,1,ef659eb040a04944,65,166,8,p
2,1,4c371c9a075a15b8,2,85,8,p
1,1,ef659eb040a04944,3,42,8,p
1,1,ef659eb040a04944,103,5,8,p
2,1,4c371c9a075a15b8,130,92,8,p
0,1,ef70e76ac1f60a40,0,9,8,p
1,1,ef659eb040a04944,8,66,8,p
1,1,ef659eb040a04944,125,123,8,a
1,1,ef659eb040a04944,81,100,8,a
1,1,ef659eb040a04944,160,174,8,a
1,1,ef659eb040a04944,189,133,8,a
1,1,ef659eb040a04944,199,115,8,a
1,1,ef659eb040a04944,164,108,8,a
1,1,ef659eb040a04944,149,151,8,a
1,1,ef659eb040a04944,110,58,8,a
1,1,ef659eb040a04944,33,60,8,a
2,1,4c371c9a075a15b8,36,60,8,a
1,1,ef659eb040a04944,13,97,8,a
1,1,ef659eb040a04944,30,35,8,a
1,1,ef659eb040a04944,40,126,8,a
1,1,ef659eb040a04944,123,125,8,a
2,1,4c371c9a075a15b8,67,77,8,a
2,1,4c371c9a075a15b8,34,55,8,a
1,1,ef659eb040a04944,65,135,8,a
1,1,ef659eb040a04944,163,171,8,a
1,1,ef659eb040a04944,51,62,8,a
1,1,ef659eb040a04944,202,185,8,a
2,1,4c371c9a075a15b8,161,142,8,a
1,1,ef659eb040a04944,108,164,8,a
1,1,ef659eb040a04944,175,147,8,a
2,1,4c371c9a075a15b8,159,121,8,a
2,1,4c371c9a075a15b8,142,161,8,a
1,1,ef659eb040a04944,78,85,8,a
1,1,ef659eb040a04944,131,86,8,a
1,1,ef659eb040a04944,45,135,8,a
1,1,ef659eb040a04944,66,58,8,a
2,1,4c371c9a075a15b8,102,188,8,a
2,1,4c371c9a075a15b8,136,3,8,a
0,1,ef70e76ac1f60a40,32,64,8,a
1,1,ef659eb040a04944,27,105,8,a
1,1,ef659eb040a04944,85,78,8,a
2,1,4c371c9a075a15b8,80,136,8,a
1,1,ef659eb040a04944,91,121,8,a
1,1,ef659eb040a04944,15,75,8,a
1,1,ef659eb040a04944,106,196,8,a
1,1,ef659eb040a04944,127,85,8,a
1,1,ef659eb040a04944,87,15,8,a
0,1,ef70e76ac1f60a40,64,177,8,a
1,1,ef659eb040a04944,107,90,8,a
1,1,ef659eb040a04944,128,86,8,a
1,1,ef659eb040a04944,179,8,8,a
1,1,ef659eb040a04944,17,84,8,a
1,1,ef659eb040a04944,122,196,8,a
1,1,ef659eb040a04944,42,20,8,a
1,1,ef659eb040a04944,162,156,8,a
1,1,ef659eb040a04944,90,107,9,p
1,1,ef659eb040a04944,30,15,9,p
1,1,ef659eb040a04944,85,127,9,p
1,1,ef659eb040a04944,143,33,9,p
0,1,ef70e76ac1f60a40,32,64,9,p
1,1,ef659eb040a04944,137,162,9,p
2,1,4c371c9a075a15b8,130,102,9,p
1,1,ef659eb040a04944,196,122,9,p
2,1,4c371c9a075a15b8,142,161,9,p
2,1,4c371c9a075a15b8,79,142,9,p
1,1,ef659eb040a04944,105,27,9,p
1,1,ef659eb040a04944,108,164,9,p
1,1,ef659eb040a04944,8,189,9,p
1,1,ef659eb040a04944,31,106,9,p
0,1,ef70e76ac1f60a40,64,32,9,p
2,1,4c371c9a075a15b8,2,85,9,p
1,1,ef659eb040a04944,174,160,9,p
1,1,ef659eb040a04944,149,78,9,p
2,1,4c371c9a075a15b8,36,80,9,p
1,1,ef659eb040a04944,15,30,9,p
1,1,ef659eb040a04944,8,66,9,p
1,1,ef659eb040a04944,22,128,9,p
2,1,4c371c9a075a15b8,60,36,9,p
2,1,4c371c9a075a15b8,77,67,9,p
2,1,4c371c9a075a15b8,26,108,9,p
1,1,ef659eb040a04944,20,42,9,p
1,1,ef659eb040a04944,8,179,9,p
1,1,ef659eb040a04944,48,163,9,p
1,1,ef659eb040a04944,23,202,9,p
1,1,ef659eb040a04944,42,56,9,p
1,1,ef659eb040a04944,15,87,9,p
1,1,ef659eb040a04944,23,65,9,p
1,1,ef659eb040a04944,100,81,9,p
1,1,ef659eb040a04944,125,123,9,p
1,1,ef659eb040a04944,121,91,9,p
1,1,ef659eb040a04944,61,17,9,p
