# Wed Nov 22 12:15:22 2017
#simulation with:
#SEED 1
#N_AGENTS 203
#N_USERS 200
#N_SOURCES 3
#P_a 0.025
#P_s 0.25
#dim 3
#time 100
#memorySize 1
source,timec,news,ag1,ag2,time,type
1,1,142006f4fcbef3a7,1,1,1,c
2,1,2bda9044f03c6d6b,2,2,1,c
0,1,53c3f47c9aa5d761,0,0,1,c
1,1,142006f4fcbef3a7,1,76,2,p
1,1,142006f4fcbef3a7,1,55,2,p
0,1,53c3f47c9aa5d761,0,25,2,p
0,1,53c3f47c9aa5d761,0,41,2,p
1,1,142006f4fcbef3a7,1,170,2,p
1,1,142006f4fcbef3a7,1,122,2,p
1,1,142006f4fcbef3a7,55,118,2,p
1,1,142006f4fcbef3a7,118,148,2,p
0,1,53c3f47c9aa5d761,0,4,2,p
2,1,2bda9044f03c6d6b,2,24,2,p
1,1,142006f4fcbef3a7,1,161,2,p
0,1,53c3f47c9aa5d761,0,191,2,p
0,1,53c3f47c9aa5d761,25,128,2,a
0,1,53c3f47c9aa5d761,191,110,2,a
1,1,142006f4fcbef3a7,55,160,2,a
1,1,142006f4fcbef3a7,76,159,2,a
1,1,142006f4fcbef3a7,170,31,2,a
1,1,142006f4fcbef3a7,118,12,2,a
1,1,142006f4fcbef3a7,122,52,2,a
0,1,53c3f47c9aa5d761,41,77,2,a
0,1,53c3f47c9aa5d761,110,191,2,a
2,1,2bda9044f03c6d6b,24,201,2,a
0,1,53c3f47c9aa5d761,4,63,2,a
1,1,142006f4fcbef3a7,161,194,2,a
1,1,142006f4fcbef3a7,148,94,2,a
0,1,53c3f47c9aa5d761,128,25,3,p
0,1,53c3f47c9aa5d761,63,40,3,p
1,1,142006f4fcbef3a7,94,148,3,p
2,1,2bda9044f03c6d6b,201,24,3,p
0,1,53c3f47c9aa5d761,63,4,3,p
1,1,142006f4fcbef3a7,194,161,3,p
1,1,142006f4fcbef3a7,148,21,3,p
0,1,53c3f47c9aa5d761,40,147,3,p
2,1,2bda9044f03c6d6b,201,142,3,p
1,1,142006f4fcbef3a7,31,170,3,p
1,1,142006f4fcbef3a7,161,193,3,p
1,1,142006f4fcbef3a7,159,76,3,p
0,1,53c3f47c9aa5d761,191,110,3,p
1,1,142006f4fcbef3a7,12,118,3,p
0,1,53c3f47c9aa5d761,5,41,3,p
0,1,53c3f47c9aa5d761,110,191,3,p
1,1,142006f4fcbef3a7,118,55,3,p
1,1,142006f4fcbef3a7,52,122,3,p
0,1,53c3f47c9aa5d761,40,147,3,a
1,1,142006f4fcbef3a7,31,170,3,a
0,1,53c3f47c9aa5d761,41,77,3,a
2,1,2bda9044f03c6d6b,24,201,3,a
1,1,142006f4fcbef3a7,148,94,3,a
1,1,142006f4fcbef3a7,55,160,3,a
1,1,142006f4fcbef3a7,161,194,3,a
0,1,53c3f47c9aa5d761,147,40,3,a
0,1,53c3f47c9aa5d761,191,110,3,a
1,1,142006f4fcbef3a7,118,12,3,a
2,1,2bda9044f03c6d6b,2,143,4,p
1,1,142006f4fcbef3a7,193,99,4,p
1,1,142006f4fcbef3a7,122,43,4,p
1,1,142006f4fcbef3a7,1,38,4,p
1,1,142006f4fcbef3a7,21,148,4,p
0,1,53c3f47c9aa5d761,123,45,4,p
0,1,53c3f47c9aa5d761,191,145,4,p
1,1,142006f4fcbef3a7,1,22,4,p
1,1,142006f4fcbef3a7,193,161,4,p
1,1,142006f4fcbef3a7,193,98,4,p
0,1,53c3f47c9aa5d761,0,68,4,p
0,1,53c3f47c9aa5d761,5,41,4,p
1,1,142006f4fcbef3a7,194,32,4,p
1,1,142006f4fcbef3a7,38,129,4,p
1,1,142006f4fcbef3a7,21,66,4,p
1,1,142006f4fcbef3a7,1,71,4,p
1,1,142006f4fcbef3a7,12,135,4,p
0,1,53c3f47c9aa5d761,68,126,4,p
1,1,142006f4fcbef3a7,43,184,4,p
1,1,142006f4fcbef3a7,159,72,4,p
0,1,53c3f47c9aa5d761,0,54,4,p
1,1,142006f4fcbef3a7,55,155,4,p
0,1,53c3f47c9aa5d761,5,174,4,p
1,1,142006f4fcbef3a7,32,178,4,p
1,1,142006f4fcbef3a7,22,84,4,p
0,1,53c3f47c9aa5d761,40,97,4,p
0,1,53c3f47c9aa5d761,4,112,4,p
1,1,142006f4fcbef3a7,118,31,4,p
0,1,53c3f47c9aa5d761,0,146,4,p
2,1,2bda9044f03c6d6b,2,62,4,p
0,1,53c3f47c9aa5d761,110,191,4,p
1,1,142006f4fcbef3a7,12,118,4,p
0,1,53c3f47c9aa5d761,40,147,4,p
1,1,142006f4fcbef3a7,1,188,4,p
1,1,142006f4fcbef3a7,148,34,4,p
0,1,53c3f47c9aa5d761,0,180,4,p
0,1,53c3f47c9aa5d761,180,168,4,p
1,1,142006f4fcbef3a7,170,185,4,p
1,1,142006f4fcbef3a7,43,8,4,p
1,1,142006f4fcbef3a7,31,73,4,p
1,1,142006f4fcbef3a7,21,192,4,p
0,1,53c3f47c9aa5d761,168,90,4,p
1,1,142006f4fcbef3a7,118,55,4,p
1,1,142006f4fcbef3a7,73,51,4,p
1,1,142006f4fcbef3a7,8,87,4,p
1,1,142006f4fcbef3a7,1,80,4,p
1,1,142006f4fcbef3a7,155,157,4,p
1,1,142006f4fcbef3a7,31,95,4,p
1,1,142006f4fcbef3a7,194,144,4,p
1,1,142006f4fcbef3a7,21,198,4,p
0,1,53c3f47c9aa5d761,123,35,4,p
1,1,142006f4fcbef3a7,98,106,4,p
1,1,142006f4fcbef3a7,1,83,4,p
1,1,142006f4fcbef3a7,198,36,4,p
1,1,142006f4fcbef3a7,32,169,4,p
1,1,142006f4fcbef3a7,71,37,4,p
0,1,53c3f47c9aa5d761,63,40,4,p
1,1,142006f4fcbef3a7,43,132,4,p
1,1,142006f4fcbef3a7,1,46,4,p
1,1,142006f4fcbef3a7,1,197,4,p
1,1,142006f4fcbef3a7,52,187,4,p
1,1,142006f4fcbef3a7,122,172,4,p
0,1,53c3f47c9aa5d761,112,111,4,p
0,1,53c3f47c9aa5d761,35,94,4,p
1,1,142006f4fcbef3a7,192,103,4,p
2,1,2bda9044f03c6d6b,201,24,4,p
0,1,53c3f47c9aa5d761,0,61,4,p
1,1,142006f4fcbef3a7,99,45,4,a
1,1,142006f4fcbef3a7,129,89,4,a
1,1,142006f4fcbef3a7,106,125,4,a
2,1,2bda9044f03c6d6b,24,201,4,a
2,1,2bda9044f03c6d6b,143,14,4,a
0,1,53c3f47c9aa5d761,41,77,4,a
0,1,53c3f47c9aa5d761,128,25,4,a
0,1,53c3f47c9aa5d761,97,78,4,a
0,1,53c3f47c9aa5d761,168,121,4,a
1,1,142006f4fcbef3a7,71,30,4,a
1,1,142006f4fcbef3a7,135,181,4,a
1,1,142006f4fcbef3a7,132,144,4,a
1,1,142006f4fcbef3a7,66,21,4,a
1,1,142006f4fcbef3a7,161,194,4,a
1,1,142006f4fcbef3a7,38,93,4,a
1,1,142006f4fcbef3a7,72,159,4,a
0,1,53c3f47c9aa5d761,174,51,4,a
1,1,142006f4fcbef3a7,133,14,4,a
0,1,53c3f47c9aa5d761,126,178,4,a
1,1,142006f4fcbef3a7,98,42,4,a
0,1,53c3f47c9aa5d761,77,41,4,a
1,1,142006f4fcbef3a7,125,144,4,a
1,1,142006f4fcbef3a7,169,147,4,a
0,1,53c3f47c9aa5d761,5,123,4,a
0,1,53c3f47c9aa5d761,90,159,4,a
1,1,142006f4fcbef3a7,197,13,4,a
1,1,142006f4fcbef3a7,198,151,4,a
0,1,53c3f47c9aa5d761,145,191,4,a
1,1,142006f4fcbef3a7,87,137,4,a
1,1,142006f4fcbef3a7,84,99,4,a
1,1,142006f4fcbef3a7,192,51,4,a
0,1,53c3f47c9aa5d761,112,29,4,a
1,1,142006f4fcbef3a7,32,183,4,a
1,1,142006f4fcbef3a7,148,94,4,a
0,1,53c3f47c9aa5d761,68,144,4,a
1,1,142006f4fcbef3a7,22,162,4,a
0,1,53c3f47c9aa5d761,144,61,4,a
1,1,142006f4fcbef3a7,184,200,4,a
1,1,142006f4fcbef3a7,103,123,4,a
2,1,2bda9044f03c6d6b,62,167,4,a
0,1,53c3f47c9aa5d761,35,17,4,a
1,1,142006f4fcbef3a7,95,160,4,a
0,1,53c3f47c9aa5d761,111,172,4,a
0,1,53c3f47c9aa5d761,178,126,4,a
1,1,142006f4fcbef3a7,187,116,4,a
0,1,53c3f47c9aa5d761,61,144,4,a
0,1,53c3f47c9aa5d761,180,183,4,a
1,1,142006f4fcbef3a7,155,131,4,a
1,1,142006f4fcbef3a7,185,170,4,a
1,1,142006f4fcbef3a7,43,150,4,a
1,1,142006f4fcbef3a7,31,170,4,a
1,1,142006f4fcbef3a7,83,3,4,a
1,1,142006f4fcbef3a7,34,48,4,a
1,1,142006f4fcbef3a7,46,154,4,a
1,1,142006f4fcbef3a7,8,43,4,a
1,1,142006f4fcbef3a7,80,146,4,a
1,1,142006f4fcbef3a7,45,99,4,a
1,1,142006f4fcbef3a7,94,148,4,a
1,1,142006f4fcbef3a7,55,160,4,a
1,1,142006f4fcbef3a7,157,75,4,a
1,1,142006f4fcbef3a7,146,80,4,a
0,1,53c3f47c9aa5d761,40,147,4,a
1,1,142006f4fcbef3a7,51,174,4,a
1,1,142006f4fcbef3a7,36,40,4,a
0,1,53c3f47c9aa5d761,172,50,4,a
1,1,142006f4fcbef3a7,37,94,4,a
0,1,53c3f47c9aa5d761,54,167,4,a
1,1,142006f4fcbef3a7,13,15,4,a
1,1,142006f4fcbef3a7,73,163,4,a
1,1,142006f4fcbef3a7,188,3,4,a
0,1,53c3f47c9aa5d761,144,61,5,p
1,1,142006f4fcbef3a7,8,87,5,p
1,1,142006f4fcbef3a7,192,175,5,p
1,1,142006f4fcbef3a7,137,18,5,p
1,1,142006f4fcbef3a7,55,5,5,p
1,1,142006f4fcbef3a7,73,31,5,p
1,1,142006f4fcbef3a7,42,6,5,p
1,1,142006f4fcbef3a7,15,13,5,p
1,1,142006f4fcbef3a7,43,184,5,p
1,1,142006f4fcbef3a7,43,8,5,p
1,1,142006f4fcbef3a7,42,109,5,p
1,1,142006f4fcbef3a7,146,80,5,p
1,1,142006f4fcbef3a7,45,99,5,p
0,1,53c3f47c9aa5d761,167,62,5,p
1,1,142006f4fcbef3a7,3,188,5,p
1,1,142006f4fcbef3a7,21,66,5,p
1,1,142006f4fcbef3a7,170,185,5,p
1,1,142006f4fcbef3a7,37,119,5,p
0,1,53c3f47c9aa5d761,41,77,5,p
0,1,53c3f47c9aa5d761,112,111,5,p
0,1,53c3f47c9aa5d761,144,96,5,p
0,1,53c3f47c9aa5d761,29,60,5,p
1,1,142006f4fcbef3a7,22,84,5,p
1,1,142006f4fcbef3a7,42,98,5,p
1,1,142006f4fcbef3a7,93,38,5,p
0,1,53c3f47c9aa5d761,63,40,5,p
1,1,142006f4fcbef3a7,38,129,5,p
1,1,142006f4fcbef3a7,98,106,5,p
1,1,142006f4fcbef3a7,31,153,5,p
0,1,53c3f47c9aa5d761,29,94,5,p
0,1,53c3f47c9aa5d761,144,74,5,p
1,1,142006f4fcbef3a7,30,67,5,p
1,1,142006f4fcbef3a7,14,148,5,p
1,1,142006f4fcbef3a7,1,128,5,p
1,1,142006f4fcbef3a7,125,116,5,p
0,1,53c3f47c9aa5d761,178,32,5,p
1,1,142006f4fcbef3a7,6,187,5,p
0,1,53c3f47c9aa5d761,178,145,5,p
1,1,142006f4fcbef3a7,30,71,5,p
0,1,53c3f47c9aa5d761,74,16,5,p
0,1,53c3f47c9aa5d761,161,180,5,p
0,1,53c3f47c9aa5d761,161,90,5,p
0,1,53c3f47c9aa5d761,16,15,5,p
1,1,142006f4fcbef3a7,84,79,5,p
1,1,142006f4fcbef3a7,75,72,5,p
1,1,142006f4fcbef3a7,154,46,5,p
0,1,53c3f47c9aa5d761,35,123,5,p
1,1,142006f4fcbef3a7,14,143,5,p
1,1,142006f4fcbef3a7,14,133,5,p
1,1,142006f4fcbef3a7,55,155,5,p
1,1,142006f4fcbef3a7,37,53,5,p
1,1,142006f4fcbef3a7,154,165,5,p
0,1,53c3f47c9aa5d761,32,11,5,p
1,1,142006f4fcbef3a7,153,189,5,p
0,1,53c3f47c9aa5d761,90,161,5,p
1,1,142006f4fcbef3a7,48,75,5,p
1,1,142006f4fcbef3a7,8,163,5,p
0,1,53c3f47c9aa5d761,16,177,5,p
1,1,142006f4fcbef3a7,18,91,5,p
1,1,142006f4fcbef3a7,125,144,5,p
0,1,53c3f47c9aa5d761,4,112,5,p
1,1,142006f4fcbef3a7,12,135,5,p
0,1,53c3f47c9aa5d761,123,45,5,p
1,1,142006f4fcbef3a7,76,136,5,p
0,1,53c3f47c9aa5d761,15,126,5,p
0,1,53c3f47c9aa5d761,0,146,5,p
0,1,53c3f47c9aa5d761,126,68,5,p
1,1,142006f4fcbef3a7,75,157,5,p
0,1,53c3f47c9aa5d761,54,149,5,p
1,1,142006f4fcbef3a7,91,63,5,p
1,1,142006f4fcbef3a7,170,92,5,p
1,1,142006f4fcbef3a7,53,37,5,p
1,1,142006f4fcbef3a7,22,56,5,p
1,1,142006f4fcbef3a7,48,34,5,p
1,1,142006f4fcbef3a7,5,198,5,p
0,1,53c3f47c9aa5d761,77,41,5,p
1,1,142006f4fcbef3a7,13,197,5,p
1,1,142006f4fcbef3a7,71,50,5,p
0,1,53c3f47c9aa5d761,15,65,5,p
1,1,142006f4fcbef3a7,50,103,5,p
0,1,53c3f47c9aa5d761,15,156,5,p
1,1,142006f4fcbef3a7,198,36,5,p
0,1,53c3f47c9aa5d761,68,85,5,p
0,1,53c3f47c9aa5d761,0,120,5,p
1,1,142006f4fcbef3a7,51,69,5,p
0,1,53c3f47c9aa5d761,94,174,5,p
0,1,53c3f47c9aa5d761,90,168,5,p
0,1,53c3f47c9aa5d761,149,54,5,p
1,1,142006f4fcbef3a7,6,132,5,p
1,1,142006f4fcbef3a7,56,22,5,p
1,1,142006f4fcbef3a7,5,55,5,p
1,1,142006f4fcbef3a7,137,178,5,p
1,1,142006f4fcbef3a7,63,82,5,p
1,1,142006f4fcbef3a7,169,167,5,p
1,1,142006f4fcbef3a7,69,51,5,p
1,1,142006f4fcbef3a7,92,115,5,p
1,1,142006f4fcbef3a7,155,131,5,p
0,1,53c3f47c9aa5d761,40,97,5,p
1,1,142006f4fcbef3a7,3,83,5,p
2,1,2bda9044f03c6d6b,201,24,5,p
1,1,142006f4fcbef3a7,36,58,5,p
0,1,53c3f47c9aa5d761,17,35,5,p
1,1,142006f4fcbef3a7,38,93,5,p
1,1,142006f4fcbef3a7,31,95,5,p
1,1,142006f4fcbef3a7,21,192,5,p
0,1,53c3f47c9aa5d761,11,89,5,p
1,1,142006f4fcbef3a7,6,57,5,p
1,1,142006f4fcbef3a7,31,73,5,p
1,1,142006f4fcbef3a7,48,152,5,p
1,1,142006f4fcbef3a7,5,201,5,p
1,1,142006f4fcbef3a7,51,125,5,p
0,1,53c3f47c9aa5d761,17,52,5,p
0,1,53c3f47c9aa5d761,121,39,5,p
1,1,142006f4fcbef3a7,50,172,5,p
1,1,142006f4fcbef3a7,8,43,5,p
1,1,142006f4fcbef3a7,167,169,5,p
1,1,142006f4fcbef3a7,93,190,5,p
1,1,142006f4fcbef3a7,22,162,5,p
0,1,53c3f47c9aa5d761,121,18,5,a
1,1,142006f4fcbef3a7,152,48,5,a
1,1,142006f4fcbef3a7,51,174,5,a
1,1,142006f4fcbef3a7,37,94,5,a
1,1,142006f4fcbef3a7,42,109,5,a
1,1,142006f4fcbef3a7,79,193,5,a
0,1,53c3f47c9aa5d761,11,32,5,a
1,1,142006f4fcbef3a7,162,202,5,a
0,1,53c3f47c9aa5d761,168,121,5,a
1,1,142006f4fcbef3a7,132,144,5,a
1,1,142006f4fcbef3a7,87,137,5,a
0,1,53c3f47c9aa5d761,183,179,5,a
1,1,142006f4fcbef3a7,159,90,5,a
1,1,142006f4fcbef3a7,69,104,5,a
0,1,53c3f47c9aa5d761,126,178,5,a
1,1,142006f4fcbef3a7,6,132,5,a
0,1,53c3f47c9aa5d761,15,13,5,a
1,1,142006f4fcbef3a7,160,95,5,a
1,1,142006f4fcbef3a7,99,45,5,a
1,1,142006f4fcbef3a7,169,147,5,a
0,1,53c3f47c9aa5d761,8,43,5,a
0,1,53c3f47c9aa5d761,145,191,5,a
1,1,142006f4fcbef3a7,131,134,5,a
1,1,142006f4fcbef3a7,165,181,5,a
1,1,142006f4fcbef3a7,153,28,5,a
1,1,142006f4fcbef3a7,133,14,5,a
0,1,53c3f47c9aa5d761,178,126,5,a
0,1,53c3f47c9aa5d761,177,16,5,a
1,1,142006f4fcbef3a7,31,170,5,a
1,1,142006f4fcbef3a7,82,178,5,a
1,1,142006f4fcbef3a7,92,140,5,a
1,1,142006f4fcbef3a7,136,44,5,a
1,1,142006f4fcbef3a7,95,160,5,a
0,1,53c3f47c9aa5d761,68,144,5,a
0,1,53c3f47c9aa5d761,89,120,5,a
1,1,142006f4fcbef3a7,128,25,5,a
1,1,142006f4fcbef3a7,157,75,5,a
0,1,53c3f47c9aa5d761,180,183,5,a
1,1,142006f4fcbef3a7,188,3,5,a
0,1,53c3f47c9aa5d761,156,114,5,a
1,1,142006f4fcbef3a7,93,38,5,a
0,1,53c3f47c9aa5d761,41,77,5,a
1,1,142006f4fcbef3a7,83,3,5,a
1,1,142006f4fcbef3a7,190,198,5,a
1,1,142006f4fcbef3a7,185,170,5,a
1,1,142006f4fcbef3a7,56,150,5,a
1,1,142006f4fcbef3a7,13,15,5,a
0,1,53c3f47c9aa5d761,52,122,5,a
1,1,142006f4fcbef3a7,90,159,5,a
1,1,142006f4fcbef3a7,109,42,5,a
0,1,53c3f47c9aa5d761,39,141,5,a
1,1,142006f4fcbef3a7,66,21,5,a
1,1,142006f4fcbef3a7,3,83,5,a
1,1,142006f4fcbef3a7,175,64,5,a
0,1,53c3f47c9aa5d761,120,89,5,a
1,1,142006f4fcbef3a7,46,154,5,a
0,1,53c3f47c9aa5d761,97,78,5,a
1,1,142006f4fcbef3a7,106,125,5,a
0,1,53c3f47c9aa5d761,43,150,5,a
0,1,53c3f47c9aa5d761,161,194,5,a
1,1,142006f4fcbef3a7,184,200,5,a
0,1,53c3f47c9aa5d761,60,33,5,a
0,1,53c3f47c9aa5d761,149,138,5,a
1,1,142006f4fcbef3a7,5,123,5,a
1,1,142006f4fcbef3a7,34,48,5,a
0,1,53c3f47c9aa5d761,85,68,5,a
1,1,142006f4fcbef3a7,36,40,5,a
1,1,142006f4fcbef3a7,137,115,5,a
1,1,142006f4fcbef3a7,123,5,5,a
0,1,53c3f47c9aa5d761,54,167,5,a
0,1,53c3f47c9aa5d761,16,55,5,a
1,1,142006f4fcbef3a7,48,75,5,a
0,1,53c3f47c9aa5d761,96,28,5,a
1,1,142006f4fcbef3a7,63,112,5,a
1,1,142006f4fcbef3a7,57,6,5,a
1,1,142006f4fcbef3a7,201,24,5,a
1,1,142006f4fcbef3a7,84,99,5,a
1,1,142006f4fcbef3a7,189,19,5,a
1,1,142006f4fcbef3a7,53,139,5,a
1,1,142006f4fcbef3a7,71,30,5,a
1,1,142006f4fcbef3a7,115,137,5,a
1,1,142006f4fcbef3a7,58,79,5,a
1,1,142006f4fcbef3a7,91,59,5,a
1,1,142006f4fcbef3a7,125,144,5,a
0,1,53c3f47c9aa5d761,65,193,5,a
0,1,53c3f47c9aa5d761,18,121,5,a
1,1,142006f4fcbef3a7,50,172,5,a
1,1,142006f4fcbef3a7,103,123,5,a
1,1,142006f4fcbef3a7,73,163,5,a
1,1,142006f4fcbef3a7,154,46,5,a
0,1,53c3f47c9aa5d761,111,172,5,a
1,1,142006f4fcbef3a7,30,71,5,a
1,1,142006f4fcbef3a7,163,73,5,a
1,1,142006f4fcbef3a7,75,157,5,a
1,1,142006f4fcbef3a7,155,131,5,a
0,1,53c3f47c9aa5d761,167,62,5,a
1,1,142006f4fcbef3a7,116,187,5,a
1,1,142006f4fcbef3a7,67,200,5,a
0,1,53c3f47c9aa5d761,74,14,5,a
0,1,53c3f47c9aa5d761,77,41,5,a
1,1,142006f4fcbef3a7,80,146,5,a
1,1,142006f4fcbef3a7,59,91,5,a
1,1,142006f4fcbef3a7,42,3,6,p
1,1,142006f4fcbef3a7,53,37,6,p
1,1,142006f4fcbef3a7,6,57,6,p
1,1,142006f4fcbef3a7,5,201,6,p
0,1,53c3f47c9aa5d761,32,169,6,p
1,1,142006f4fcbef3a7,64,182,6,p
0,1,53c3f47c9aa5d761,28,96,6,p
1,1,142006f4fcbef3a7,3,83,6,p
0,1,53c3f47c9aa5d761,68,126,6,p
0,1,53c3f47c9aa5d761,54,149,6,p
1,1,142006f4fcbef3a7,125,64,6,p
0,1,53c3f47c9aa5d761,177,102,6,p
1,1,142006f4fcbef3a7,15,13,6,p
0,1,53c3f47c9aa5d761,29,9,6,p
1,1,142006f4fcbef3a7,22,84,6,p
0,1,53c3f47c9aa5d761,161,180,6,p
0,1,53c3f47c9aa5d761,41,77,6,p
1,1,142006f4fcbef3a7,82,121,6,p
0,1,53c3f47c9aa5d761,145,107,6,p
1,1,142006f4fcbef3a7,36,183,6,p
1,1,142006f4fcbef3a7,53,139,6,p
1,1,142006f4fcbef3a7,38,93,6,p
1,1,142006f4fcbef3a7,82,178,6,p
0,1,53c3f47c9aa5d761,28,140,6,p
1,1,142006f4fcbef3a7,163,100,6,p
1,1,142006f4fcbef3a7,19,31,6,p
0,1,53c3f47c9aa5d761,29,127,6,p
0,1,53c3f47c9aa5d761,114,156,6,p
1,1,142006f4fcbef3a7,93,190,6,p
0,1,53c3f47c9aa5d761,122,168,6,p
0,1,53c3f47c9aa5d761,150,88,6,p
1,1,142006f4fcbef3a7,170,185,6,p
1,1,142006f4fcbef3a7,53,133,6,p
1,1,142006f4fcbef3a7,59,80,6,p
1,1,142006f4fcbef3a7,42,109,6,p
1,1,142006f4fcbef3a7,82,113,6,p
1,1,142006f4fcbef3a7,154,165,6,p
1,1,142006f4fcbef3a7,19,43,6,p
0,1,53c3f47c9aa5d761,78,97,6,p
0,1,53c3f47c9aa5d761,28,161,6,p
1,1,142006f4fcbef3a7,3,42,6,p
1,1,142006f4fcbef3a7,21,66,6,p
0,1,53c3f47c9aa5d761,29,60,6,p
0,1,53c3f47c9aa5d761,11,176,6,p
1,1,142006f4fcbef3a7,134,131,6,p
1,1,142006f4fcbef3a7,119,7,6,p
0,1,53c3f47c9aa5d761,65,189,6,p
1,1,142006f4fcbef3a7,43,184,6,p
0,1,53c3f47c9aa5d761,28,153,6,p
1,1,142006f4fcbef3a7,57,91,6,p
1,1,142006f4fcbef3a7,6,47,6,p
0,1,53c3f47c9aa5d761,17,52,6,p
1,1,142006f4fcbef3a7,42,6,6,p
0,1,53c3f47c9aa5d761,126,117,6,p
1,1,142006f4fcbef3a7,31,95,6,p
1,1,142006f4fcbef3a7,22,56,6,p
0,1,53c3f47c9aa5d761,172,111,6,p
1,1,142006f4fcbef3a7,63,82,6,p
0,1,53c3f47c9aa5d761,96,154,6,p
1,1,142006f4fcbef3a7,92,115,6,p
1,1,142006f4fcbef3a7,6,132,6,p
1,1,142006f4fcbef3a7,50,103,6,p
1,1,142006f4fcbef3a7,25,128,6,p
0,1,53c3f47c9aa5d761,107,101,6,p
1,1,142006f4fcbef3a7,51,69,6,p
1,1,142006f4fcbef3a7,44,136,6,p
1,1,142006f4fcbef3a7,137,87,6,p
0,1,53c3f47c9aa5d761,29,138,6,p
0,1,53c3f47c9aa5d761,68,85,6,p
1,1,142006f4fcbef3a7,19,26,6,p
1,1,142006f4fcbef3a7,45,99,6,p
1,1,142006f4fcbef3a7,48,75,6,p
0,1,53c3f47c9aa5d761,8,11,6,p
1,1,142006f4fcbef3a7,123,5,6,p
0,1,53c3f47c9aa5d761,161,90,6,p
1,1,142006f4fcbef3a7,59,167,6,p
1,1,142006f4fcbef3a7,64,175,6,p
0,1,53c3f47c9aa5d761,90,159,6,p
1,1,142006f4fcbef3a7,30,71,6,p
1,1,142006f4fcbef3a7,47,157,6,p
0,1,53c3f47c9aa5d761,193,79,6,p
1,1,142006f4fcbef3a7,67,33,6,p
1,1,142006f4fcbef3a7,15,105,6,p
0,1,53c3f47c9aa5d761,55,160,6,p
0,1,53c3f47c9aa5d761,8,120,6,p
1,1,142006f4fcbef3a7,115,114,6,p
1,1,142006f4fcbef3a7,43,8,6,p
1,1,142006f4fcbef3a7,42,186,6,p
1,1,142006f4fcbef3a7,134,70,6,p
1,1,142006f4fcbef3a7,26,19,6,p
1,1,142006f4fcbef3a7,5,86,6,p
1,1,142006f4fcbef3a7,3,158,6,p
0,1,53c3f47c9aa5d761,16,181,6,p
0,1,53c3f47c9aa5d761,16,15,6,p
1,1,142006f4fcbef3a7,36,58,6,p
0,1,53c3f47c9aa5d761,35,195,6,p
0,1,53c3f47c9aa5d761,107,145,6,p
1,1,142006f4fcbef3a7,4,63,6,p
1,1,142006f4fcbef3a7,131,155,6,p
1,1,142006f4fcbef3a7,148,28,6,p
1,1,142006f4fcbef3a7,13,29,6,p
0,1,53c3f47c9aa5d761,85,68,6,p
0,1,53c3f47c9aa5d761,11,89,6,p
1,1,142006f4fcbef3a7,56,200,6,p
1,1,142006f4fcbef3a7,66,44,6,p
1,1,142006f4fcbef3a7,34,48,6,p
2,1,2bda9044f03c6d6b,2,196,6,p
1,1,142006f4fcbef3a7,30,67,6,p
0,1,53c3f47c9aa5d761,122,54,6,p
0,1,53c3f47c9aa5d761,17,199,6,p
1,1,142006f4fcbef3a7,48,152,6,p
0,1,53c3f47c9aa5d761,16,177,6,p
1,1,142006f4fcbef3a7,22,162,6,p
0,1,53c3f47c9aa5d761,27,130,6,p
1,1,142006f4fcbef3a7,5,10,6,p
1,1,142006f4fcbef3a7,31,73,6,p
1,1,142006f4fcbef3a7,163,151,6,p
1,1,142006f4fcbef3a7,70,81,6,p
1,1,142006f4fcbef3a7,71,50,6,p
0,1,53c3f47c9aa5d761,27,41,6,p
0,1,53c3f47c9aa5d761,15,65,6,p
1,1,142006f4fcbef3a7,40,36,6,p
1,1,142006f4fcbef3a7,69,51,6,p
0,1,53c3f47c9aa5d761,15,16,6,p
1,1,142006f4fcbef3a7,98,106,6,p
1,1,142006f4fcbef3a7,48,34,6,p
1,1,142006f4fcbef3a7,3,188,6,p
1,1,142006f4fcbef3a7,37,53,6,p
0,1,53c3f47c9aa5d761,141,39,6,p
1,1,142006f4fcbef3a7,69,104,6,p
0,1,53c3f47c9aa5d761,16,59,6,p
1,1,142006f4fcbef3a7,82,116,6,p
0,1,53c3f47c9aa5d761,60,30,6,p
0,1,53c3f47c9aa5d761,39,49,6,p
1,1,142006f4fcbef3a7,8,163,6,p
0,1,53c3f47c9aa5d761,193,125,6,p
1,1,142006f4fcbef3a7,91,18,6,p
0,1,53c3f47c9aa5d761,14,74,6,p
1,1,142006f4fcbef3a7,4,164,6,p
1,1,142006f4fcbef3a7,84,173,6,p
1,1,142006f4fcbef3a7,18,137,6,p
1,1,142006f4fcbef3a7,44,92,6,p
1,1,142006f4fcbef3a7,56,46,6,p
0,1,53c3f47c9aa5d761,35,123,6,p
1,1,142006f4fcbef3a7,81,102,6,a
0,1,53c3f47c9aa5d761,54,167,6,a
1,1,142006f4fcbef3a7,139,53,6,a
1,1,142006f4fcbef3a7,202,162,6,a
1,1,142006f4fcbef3a7,73,163,6,a
0,1,53c3f47c9aa5d761,68,144,6,a
0,1,53c3f47c9aa5d761,96,28,6,a
1,1,142006f4fcbef3a7,109,42,6,a
0,1,53c3f47c9aa5d761,107,19,6,a
0,1,53c3f47c9aa5d761,154,46,6,a
1,1,142006f4fcbef3a7,100,108,6,a
1,1,142006f4fcbef3a7,133,14,6,a
0,1,53c3f47c9aa5d761,123,5,6,a
1,1,142006f4fcbef3a7,7,119,6,a
0,1,53c3f47c9aa5d761,199,114,6,a
1,1,142006f4fcbef3a7,178,126,6,a
1,1,142006f4fcbef3a7,95,160,6,a
0,1,53c3f47c9aa5d761,159,90,6,a
0,1,53c3f47c9aa5d761,138,202,6,a
0,1,53c3f47c9aa5d761,11,32,6,a
0,1,53c3f47c9aa5d761,189,19,6,a
1,1,142006f4fcbef3a7,102,25,6,a
0,1,53c3f47c9aa5d761,145,191,6,a
0,1,53c3f47c9aa5d761,9,190,6,a
1,1,142006f4fcbef3a7,128,25,6,a
1,1,142006f4fcbef3a7,18,121,6,a
1,1,142006f4fcbef3a7,33,130,6,a
1,1,142006f4fcbef3a7,130,47,6,a
0,1,53c3f47c9aa5d761,195,181,6,a
0,1,53c3f47c9aa5d761,149,138,6,a
1,1,142006f4fcbef3a7,66,21,6,a
0,1,53c3f47c9aa5d761,117,36,6,a
0,1,53c3f47c9aa5d761,125,144,6,a
0,1,53c3f47c9aa5d761,120,89,6,a
1,1,142006f4fcbef3a7,31,170,6,a
0,1,53c3f47c9aa5d761,140,92,6,a
1,1,142006f4fcbef3a7,47,130,6,a
1,1,142006f4fcbef3a7,152,48,6,a
1,1,142006f4fcbef3a7,105,27,6,a
1,1,142006f4fcbef3a7,137,115,6,a
1,1,142006f4fcbef3a7,42,109,6,a
1,1,142006f4fcbef3a7,63,112,6,a
1,1,142006f4fcbef3a7,93,38,6,a
1,1,142006f4fcbef3a7,171,88,6,a
0,1,53c3f47c9aa5d761,114,156,6,a
1,1,142006f4fcbef3a7,136,44,6,a
0,1,53c3f47c9aa5d761,28,153,6,a
1,1,142006f4fcbef3a7,71,30,6,a
0,1,53c3f47c9aa5d761,78,97,6,a
1,1,142006f4fcbef3a7,173,141,6,a
0,1,53c3f47c9aa5d761,156,114,6,a
1,1,142006f4fcbef3a7,80,146,6,a
1,1,142006f4fcbef3a7,10,47,6,a
1,1,142006f4fcbef3a7,64,23,6,a
1,1,142006f4fcbef3a7,183,179,6,a
1,1,142006f4fcbef3a7,12,196,6,a
1,1,142006f4fcbef3a7,67,200,6,a
1,1,142006f4fcbef3a7,162,202,6,a
1,1,142006f4fcbef3a7,182,106,6,a
1,1,142006f4fcbef3a7,108,16,6,a
1,1,142006f4fcbef3a7,27,35,6,a
1,1,142006f4fcbef3a7,132,144,6,a
1,1,142006f4fcbef3a7,160,95,6,a
0,1,53c3f47c9aa5d761,168,121,6,a
1,1,142006f4fcbef3a7,29,112,6,a
0,1,53c3f47c9aa5d761,49,95,6,a
0,1,53c3f47c9aa5d761,111,172,6,a
1,1,142006f4fcbef3a7,163,73,6,a
1,1,142006f4fcbef3a7,69,104,6,a
1,1,142006f4fcbef3a7,37,94,6,a
0,1,53c3f47c9aa5d761,121,18,6,a
1,1,142006f4fcbef3a7,13,15,6,a
0,1,53c3f47c9aa5d761,60,33,6,a
1,1,142006f4fcbef3a7,151,198,6,a
0,1,53c3f47c9aa5d761,52,122,6,a
0,1,53c3f47c9aa5d761,176,144,6,a
0,1,53c3f47c9aa5d761,92,140,6,a
1,1,142006f4fcbef3a7,30,71,6,a
1,1,142006f4fcbef3a7,44,92,6,a
1,1,142006f4fcbef3a7,186,88,6,a
1,1,142006f4fcbef3a7,48,75,6,a
0,1,53c3f47c9aa5d761,153,28,6,a
1,1,142006f4fcbef3a7,16,55,6,a
1,1,142006f4fcbef3a7,87,137,6,a
1,1,142006f4fcbef3a7,158,26,6,a
0,1,53c3f47c9aa5d761,59,91,6,a
1,1,142006f4fcbef3a7,134,131,6,a
1,1,142006f4fcbef3a7,26,19,6,a
0,1,53c3f47c9aa5d761,36,40,6,a
1,1,142006f4fcbef3a7,104,69,6,a
0,1,53c3f47c9aa5d761,85,68,6,a
1,1,142006f4fcbef3a7,99,45,6,a
1,1,142006f4fcbef3a7,86,68,6,a
1,1,142006f4fcbef3a7,6,132,6,a
0,1,53c3f47c9aa5d761,190,198,6,a
1,1,142006f4fcbef3a7,165,181,6,a
1,1,142006f4fcbef3a7,19,26,6,a
1,1,142006f4fcbef3a7,157,75,6,a
1,1,142006f4fcbef3a7,57,6,6,a
1,1,142006f4fcbef3a7,179,183,6,a
1,1,142006f4fcbef3a7,196,12,6,a
0,1,53c3f47c9aa5d761,194,144,6,a
1,1,142006f4fcbef3a7,131,134,6,a
1,1,142006f4fcbef3a7,88,171,6,a
1,1,142006f4fcbef3a7,164,170,6,a
0,1,53c3f47c9aa5d761,65,193,6,a
0,1,53c3f47c9aa5d761,101,139,6,a
1,1,142006f4fcbef3a7,70,134,6,a
1,1,142006f4fcbef3a7,155,131,6,a
1,1,142006f4fcbef3a7,3,83,6,a
1,1,142006f4fcbef3a7,181,195,6,a
1,1,142006f4fcbef3a7,113,61,6,a
0,1,53c3f47c9aa5d761,5,123,6,a
0,1,53c3f47c9aa5d761,91,59,6,a
0,1,53c3f47c9aa5d761,127,174,6,a
1,1,142006f4fcbef3a7,200,132,6,a
1,1,142006f4fcbef3a7,66,44,7,p
1,1,142006f4fcbef3a7,3,124,7,p
1,1,142006f4fcbef3a7,141,80,7,p
1,1,142006f4fcbef3a7,21,66,7,p
1,1,142006f4fcbef3a7,34,48,7,p
1,1,142006f4fcbef3a7,137,87,7,p
0,1,53c3f47c9aa5d761,149,138,7,p
1,1,142006f4fcbef3a7,56,200,7,p
1,1,142006f4fcbef3a7,27,190,7,p
1,1,142006f4fcbef3a7,69,104,7,p
0,1,53c3f47c9aa5d761,114,156,7,p
1,1,142006f4fcbef3a7,82,121,7,p
1,1,142006f4fcbef3a7,119,7,7,p
1,1,142006f4fcbef3a7,38,93,7,p
1,1,142006f4fcbef3a7,163,151,7,p
0,1,53c3f47c9aa5d761,65,189,7,p
0,1,53c3f47c9aa5d761,122,54,7,p
1,1,142006f4fcbef3a7,35,91,7,p
1,1,142006f4fcbef3a7,6,57,7,p
1,1,142006f4fcbef3a7,55,155,7,p
1,1,142006f4fcbef3a7,53,37,7,p
0,1,53c3f47c9aa5d761,174,127,7,p
1,1,142006f4fcbef3a7,108,100,7,p
1,1,142006f4fcbef3a7,10,19,7,p
0,1,53c3f47c9aa5d761,28,140,7,p
0,1,53c3f47c9aa5d761,189,65,7,p
1,1,142006f4fcbef3a7,134,70,7,p
0,1,53c3f47c9aa5d761,11,176,7,p
1,1,142006f4fcbef3a7,30,67,7,p
1,1,142006f4fcbef3a7,44,92,7,p
1,1,142006f4fcbef3a7,10,17,7,p
1,1,142006f4fcbef3a7,3,158,7,p
1,1,142006f4fcbef3a7,61,28,7,p
0,1,53c3f47c9aa5d761,85,68,7,p
0,1,53c3f47c9aa5d761,5,195,7,p
0,1,53c3f47c9aa5d761,8,120,7,p
2,1,2bda9044f03c6d6b,2,9,7,p
1,1,142006f4fcbef3a7,47,157,7,p
1,1,142006f4fcbef3a7,45,36,7,p
0,1,53c3f47c9aa5d761,5,86,7,p
0,1,53c3f47c9aa5d761,33,130,7,p
0,1,53c3f47c9aa5d761,180,12,7,p
1,1,142006f4fcbef3a7,15,13,7,p
1,1,142006f4fcbef3a7,47,78,7,p
0,1,53c3f47c9aa5d761,95,160,7,p
0,1,53c3f47c9aa5d761,0,117,7,p
1,1,142006f4fcbef3a7,42,6,7,p
1,1,142006f4fcbef3a7,10,5,7,p
0,1,53c3f47c9aa5d761,144,125,7,p
0,1,53c3f47c9aa5d761,101,107,7,p
1,1,142006f4fcbef3a7,61,113,7,p
0,1,53c3f47c9aa5d761,54,149,7,p
1,1,142006f4fcbef3a7,19,31,7,p
0,1,53c3f47c9aa5d761,39,49,7,p
1,1,142006f4fcbef3a7,48,152,7,p
0,1,53c3f47c9aa5d761,122,52,7,p
0,1,53c3f47c9aa5d761,107,101,7,p
1,1,142006f4fcbef3a7,42,109,7,p
0,1,53c3f47c9aa5d761,60,30,7,p
1,1,142006f4fcbef3a7,51,69,7,p
1,1,142006f4fcbef3a7,6,108,7,p
1,1,142006f4fcbef3a7,61,114,7,p
1,1,142006f4fcbef3a7,84,173,7,p
1,1,142006f4fcbef3a7,13,29,7,p
1,1,142006f4fcbef3a7,42,3,7,p
1,1,142006f4fcbef3a7,37,71,7,p
1,1,142006f4fcbef3a7,181,165,7,p
0,1,53c3f47c9aa5d761,172,181,7,p
1,1,142006f4fcbef3a7,5,10,7,p
1,1,142006f4fcbef3a7,72,137,7,p
1,1,142006f4fcbef3a7,23,150,7,p
0,1,53c3f47c9aa5d761,172,111,7,p
1,1,142006f4fcbef3a7,35,27,7,p
1,1,142006f4fcbef3a7,42,186,7,p
1,1,142006f4fcbef3a7,25,128,7,p
1,1,142006f4fcbef3a7,44,136,7,p
1,1,142006f4fcbef3a7,16,99,7,p
1,1,142006f4fcbef3a7,23,64,7,p
1,1,142006f4fcbef3a7,53,139,7,p
0,1,53c3f47c9aa5d761,90,168,7,p
0,1,53c3f47c9aa5d761,32,194,7,p
0,1,53c3f47c9aa5d761,74,153,7,p
1,1,142006f4fcbef3a7,70,81,7,p
0,1,53c3f47c9aa5d761,144,26,7,p
0,1,53c3f47c9aa5d761,147,23,7,p
0,1,53c3f47c9aa5d761,59,16,7,p
1,1,142006f4fcbef3a7,134,131,7,p
0,1,53c3f47c9aa5d761,30,60,7,p
1,1,142006f4fcbef3a7,14,133,7,p
1,1,142006f4fcbef3a7,17,199,7,p
0,1,53c3f47c9aa5d761,68,85,7,p
0,1,53c3f47c9aa5d761,107,145,7,p
0,1,53c3f47c9aa5d761,41,123,7,p
1,1,142006f4fcbef3a7,51,202,7,p
1,1,142006f4fcbef3a7,67,33,7,p
1,1,142006f4fcbef3a7,73,163,7,p
0,1,53c3f47c9aa5d761,144,96,7,p
1,1,142006f4fcbef3a7,31,73,7,p
1,1,142006f4fcbef3a7,6,47,7,p
1,1,142006f4fcbef3a7,82,178,7,p
0,1,53c3f47c9aa5d761,8,11,7,p
0,1,53c3f47c9aa5d761,32,171,7,p
0,1,53c3f47c9aa5d761,12,196,7,p
1,1,142006f4fcbef3a7,84,179,7,p
1,1,142006f4fcbef3a7,6,132,7,p
1,1,142006f4fcbef3a7,15,105,7,p
0,1,53c3f47c9aa5d761,46,154,7,p
1,1,142006f4fcbef3a7,91,18,7,p
0,1,53c3f47c9aa5d761,140,102,7,p
0,1,53c3f47c9aa5d761,171,88,7,p
0,1,53c3f47c9aa5d761,16,59,7,p
1,1,142006f4fcbef3a7,4,164,7,p
1,1,142006f4fcbef3a7,27,183,7,p
1,1,142006f4fcbef3a7,6,20,7,p
0,1,53c3f47c9aa5d761,138,134,7,p
1,1,142006f4fcbef3a7,31,95,7,p
1,1,142006f4fcbef3a7,64,182,7,p
0,1,53c3f47c9aa5d761,90,159,7,p
1,1,142006f4fcbef3a7,4,63,7,p
0,1,53c3f47c9aa5d761,49,42,7,p
1,1,142006f4fcbef3a7,22,162,7,p
1,1,142006f4fcbef3a7,92,140,7,a
1,1,142006f4fcbef3a7,67,200,7,a
0,1,53c3f47c9aa5d761,171,88,7,a
0,1,53c3f47c9aa5d761,23,64,7,a
1,1,142006f4fcbef3a7,25,128,7,a
1,1,142006f4fcbef3a7,17,144,7,a
0,1,53c3f47c9aa5d761,86,68,7,a
0,1,53c3f47c9aa5d761,65,193,7,a
1,1,142006f4fcbef3a7,140,92,7,a
1,1,142006f4fcbef3a7,199,114,7,a
0,1,53c3f47c9aa5d761,12,196,7,a
1,1,142006f4fcbef3a7,6,132,7,a
0,1,53c3f47c9aa5d761,149,138,7,a
0,1,53c3f47c9aa5d761,26,19,7,a
1,1,142006f4fcbef3a7,27,35,7,a
0,1,53c3f47c9aa5d761,153,28,7,a
0,1,53c3f47c9aa5d761,110,191,7,a
1,1,142006f4fcbef3a7,109,42,7,a
0,1,53c3f47c9aa5d761,189,19,7,a
1,1,142006f4fcbef3a7,186,88,7,a
1,1,142006f4fcbef3a7,113,61,7,a
1,1,142006f4fcbef3a7,151,198,7,a
0,1,53c3f47c9aa5d761,59,91,7,a
0,1,53c3f47c9aa5d761,154,46,7,a
0,1,53c3f47c9aa5d761,60,33,7,a
1,1,142006f4fcbef3a7,21,66,7,a
1,1,142006f4fcbef3a7,158,26,7,a
1,1,142006f4fcbef3a7,100,108,7,a
0,1,53c3f47c9aa5d761,85,68,7,a
1,1,142006f4fcbef3a7,44,92,7,a
0,1,53c3f47c9aa5d761,127,174,7,a
1,1,142006f4fcbef3a7,108,16,7,a
0,1,53c3f47c9aa5d761,107,19,7,a
1,1,142006f4fcbef3a7,4,63,7,a
1,1,142006f4fcbef3a7,179,183,7,a
1,1,142006f4fcbef3a7,152,48,7,a
1,1,142006f4fcbef3a7,124,53,7,a
1,1,142006f4fcbef3a7,104,69,7,a
0,1,53c3f47c9aa5d761,96,28,7,a
1,1,142006f4fcbef3a7,13,15,7,a
2,1,2bda9044f03c6d6b,142,176,7,a
0,1,53c3f47c9aa5d761,19,26,7,a
0,1,53c3f47c9aa5d761,138,202,7,a
1,1,142006f4fcbef3a7,20,150,7,a
1,1,142006f4fcbef3a7,157,75,7,a
0,1,53c3f47c9aa5d761,156,114,7,a
1,1,142006f4fcbef3a7,162,202,7,a
1,1,142006f4fcbef3a7,137,115,7,a
0,1,53c3f47c9aa5d761,134,131,7,a
0,1,53c3f47c9aa5d761,33,130,7,a
1,1,142006f4fcbef3a7,163,73,7,a
1,1,142006f4fcbef3a7,66,21,7,a
1,1,142006f4fcbef3a7,150,43,7,a
1,1,142006f4fcbef3a7,48,75,7,a
0,1,53c3f47c9aa5d761,145,191,7,a
0,1,53c3f47c9aa5d761,101,139,7,a
1,1,142006f4fcbef3a7,202,162,7,a
1,1,142006f4fcbef3a7,10,47,7,a
1,1,142006f4fcbef3a7,178,126,7,a
0,1,53c3f47c9aa5d761,194,144,7,a
1,1,142006f4fcbef3a7,200,132,7,a
1,1,142006f4fcbef3a7,69,104,7,a
0,1,53c3f47c9aa5d761,49,95,7,a
1,1,142006f4fcbef3a7,7,119,7,a
1,1,142006f4fcbef3a7,105,27,7,a
0,1,53c3f47c9aa5d761,52,122,7,a
1,1,142006f4fcbef3a7,76,159,7,a
1,1,142006f4fcbef3a7,128,25,7,a
1,1,142006f4fcbef3a7,132,144,7,a
1,1,142006f4fcbef3a7,170,31,7,a
1,1,142006f4fcbef3a7,29,112,7,a
1,1,142006f4fcbef3a7,78,97,7,a
1,1,142006f4fcbef3a7,14,143,7,a
1,1,142006f4fcbef3a7,183,179,7,a
2,1,2bda9044f03c6d6b,176,144,7,a
1,1,142006f4fcbef3a7,155,131,7,a
1,1,142006f4fcbef3a7,173,141,7,a
0,1,53c3f47c9aa5d761,196,12,7,a
1,1,142006f4fcbef3a7,10,17,8,p
1,1,142006f4fcbef3a7,13,29,8,p
1,1,142006f4fcbef3a7,56,200,8,p
1,1,142006f4fcbef3a7,3,124,8,p
1,1,142006f4fcbef3a7,35,27,8,p
1,1,142006f4fcbef3a7,84,179,8,p
1,1,142006f4fcbef3a7,10,19,8,p
0,1,53c3f47c9aa5d761,114,156,8,p
0,1,53c3f47c9aa5d761,65,193,8,p
0,1,53c3f47c9aa5d761,30,127,8,p
1,1,142006f4fcbef3a7,25,128,8,p
1,1,142006f4fcbef3a7,15,105,8,p
0,1,53c3f47c9aa5d761,12,196,8,p
1,1,142006f4fcbef3a7,6,20,8,p
1,1,142006f4fcbef3a7,73,163,8,p
1,1,142006f4fcbef3a7,5,86,8,p
1,1,142006f4fcbef3a7,66,44,8,p
0,1,53c3f47c9aa5d761,28,153,8,p
1,1,142006f4fcbef3a7,20,150,8,p
1,1,142006f4fcbef3a7,78,151,8,p
1,1,142006f4fcbef3a7,124,142,8,p
1,1,142006f4fcbef3a7,69,104,8,p
1,1,142006f4fcbef3a7,108,100,8,p
1,1,142006f4fcbef3a7,21,66,8,p
0,1,53c3f47c9aa5d761,28,96,8,p
1,1,142006f4fcbef3a7,19,26,8,p
1,1,142006f4fcbef3a7,47,78,8,p
1,1,142006f4fcbef3a7,61,113,8,p
0,1,53c3f47c9aa5d761,107,101,8,p
1,1,142006f4fcbef3a7,44,92,8,p
1,1,142006f4fcbef3a7,51,69,8,p
1,1,142006f4fcbef3a7,18,137,8,p
1,1,142006f4fcbef3a7,48,152,8,p
0,1,53c3f47c9aa5d761,64,23,8,p
1,1,142006f4fcbef3a7,42,186,8,p
1,1,142006f4fcbef3a7,5,10,8,p
0,1,53c3f47c9aa5d761,91,59,8,p
0,1,53c3f47c9aa5d761,54,149,8,p
0,1,53c3f47c9aa5d761,68,85,8,p
0,1,53c3f47c9aa5d761,46,154,8,p
0,1,53c3f47c9aa5d761,181,76,8,p
0,1,53c3f47c9aa5d761,191,110,8,p
0,1,53c3f47c9aa5d761,11,176,8,p
0,1,53c3f47c9aa5d761,64,107,8,p
1,1,142006f4fcbef3a7,103,67,8,p
0,1,53c3f47c9aa5d761,189,65,8,p
0,1,53c3f47c9aa5d761,122,52,8,p
1,1,142006f4fcbef3a7,119,7,8,p
1,1,142006f4fcbef3a7,82,178,8,p
1,1,142006f4fcbef3a7,67,33,8,p
0,1,53c3f47c9aa5d761,30,60,8,p
0,1,53c3f47c9aa5d761,74,14,8,p
1,1,142006f4fcbef3a7,3,158,8,p
1,1,142006f4fcbef3a7,6,108,8,p
1,1,142006f4fcbef3a7,66,21,8,p
1,1,142006f4fcbef3a7,34,48,8,p
1,1,142006f4fcbef3a7,55,155,8,p
0,1,53c3f47c9aa5d761,134,138,8,p
1,1,142006f4fcbef3a7,15,13,8,p
1,1,142006f4fcbef3a7,31,170,8,p
1,1,142006f4fcbef3a7,102,25,8,p
0,1,53c3f47c9aa5d761,65,189,8,p
0,1,53c3f47c9aa5d761,180,12,8,p
0,1,53c3f47c9aa5d761,107,145,8,p
1,1,142006f4fcbef3a7,63,4,8,p
1,1,142006f4fcbef3a7,22,162,8,p
0,1,53c3f47c9aa5d761,28,140,8,p
0,1,53c3f47c9aa5d761,39,49,8,p
0,1,53c3f47c9aa5d761,138,134,8,p
1,1,142006f4fcbef3a7,27,183,8,p
1,1,142006f4fcbef3a7,144,194,8,p
0,1,53c3f47c9aa5d761,114,199,8,p
1,1,142006f4fcbef3a7,20,6,8,p
1,1,142006f4fcbef3a7,42,109,8,p
1,1,142006f4fcbef3a7,84,173,8,p
0,1,53c3f47c9aa5d761,28,171,8,p
1,1,142006f4fcbef3a7,17,122,8,p
1,1,142006f4fcbef3a7,47,157,8,p
1,1,142006f4fcbef3a7,6,132,8,p
1,1,142006f4fcbef3a7,51,202,8,p
0,1,53c3f47c9aa5d761,107,19,8,a
0,1,53c3f47c9aa5d761,171,88,8,a
1,1,142006f4fcbef3a7,17,144,8,a
1,1,142006f4fcbef3a7,69,104,8,a
1,1,142006f4fcbef3a7,10,47,8,a
1,1,142006f4fcbef3a7,113,61,8,a
0,1,53c3f47c9aa5d761,154,46,8,a
1,1,142006f4fcbef3a7,186,88,8,a
0,1,53c3f47c9aa5d761,76,159,8,a
1,1,142006f4fcbef3a7,163,73,8,a
1,1,142006f4fcbef3a7,104,69,8,a
0,1,53c3f47c9aa5d761,96,28,8,a
0,1,53c3f47c9aa5d761,127,174,8,a
0,1,53c3f47c9aa5d761,191,110,8,a
0,1,53c3f47c9aa5d761,110,191,8,a
1,1,142006f4fcbef3a7,27,35,8,a
1,1,142006f4fcbef3a7,44,92,8,a
1,1,142006f4fcbef3a7,183,179,8,a
0,1,53c3f47c9aa5d761,14,143,8,a
1,1,142006f4fcbef3a7,108,16,8,a
1,1,142006f4fcbef3a7,25,128,8,a
0,1,53c3f47c9aa5d761,59,91,8,a
1,1,142006f4fcbef3a7,118,12,8,a
1,1,142006f4fcbef3a7,12,196,8,a
0,1,53c3f47c9aa5d761,65,193,8,a
0,1,53c3f47c9aa5d761,193,65,8,a
1,1,142006f4fcbef3a7,141,39,8,a
1,1,142006f4fcbef3a7,170,31,8,a
1,1,142006f4fcbef3a7,150,43,8,a
0,1,53c3f47c9aa5d761,101,139,8,a
1,1,142006f4fcbef3a7,4,63,8,a
1,1,142006f4fcbef3a7,152,48,8,a
1,1,142006f4fcbef3a7,122,52,8,a
1,1,142006f4fcbef3a7,200,132,8,a
0,1,53c3f47c9aa5d761,156,114,8,a
1,1,142006f4fcbef3a7,179,183,8,a
1,1,142006f4fcbef3a7,78,97,8,a
0,1,53c3f47c9aa5d761,134,131,8,a
1,1,142006f4fcbef3a7,29,112,8,a
1,1,142006f4fcbef3a7,13,15,8,a
1,1,142006f4fcbef3a7,151,198,8,a
0,1,53c3f47c9aa5d761,149,138,8,a
1,1,142006f4fcbef3a7,21,66,8,a
0,1,53c3f47c9aa5d761,153,28,8,a
1,1,142006f4fcbef3a7,142,176,8,a
0,1,53c3f47c9aa5d761,191,110,9,p
1,1,142006f4fcbef3a7,73,163,9,p
1,1,142006f4fcbef3a7,102,25,9,p
1,1,142006f4fcbef3a7,66,21,9,p
